chrom	start	end	name	strand	Jurkat_DMSO_H3K4me3	Jurkat_OCIR_H3K4me3	Jurkat_PM_H3K4me3	Jurkat_RY_H3K4me3	Jurkat_DMSO_24H_H3K4me3	Jurkat_PBIT_5H_H3K4me3	Jurkat_PBIT_24H_H3K4me3	Loucy_DMSO_24H_H3K4me3	Loucy_PBIT_5H_H3K4me3	Loucy_PBIT_24H_H3K4me3
chr1	3815601	3818147	ENSG00000198912	*	11.216136	8.860127	4.93742	5.653731	3.5467720000000003	15.310475	13.472207000000001	1.317191	1.357415	1.228424
chr1	6418335	6420340	ENSG00000097021	*	2.74438	2.180318	2.3020810000000003	1.515616	1.193195	1.307663	1.35939	1.068706	1.1047200000000001	1.10533
chr1	8085706	8086494	ENSG00000116285	*	14.077557999999998	9.467982000000001	5.83142	6.275458	4.0692020000000015	18.367967	16.71792	1.033194	1.059847	1.1840700000000002
chr1	9882403	9884063	ENSG00000171603	*	15.209976000000001	11.276403	6.820353999999999	7.599763	5.180688	26.71375	24.265772	1.413353	1.4722309999999998	1.413998
chr1	16693100	16695494	ENSG00000055070	*	11.070226	8.982393	6.0047440000000005	6.79335	4.4263900000000005	19.938794	18.078389	1.303712	1.378778	1.292826
chr1	17379207	17380940	ENSG00000117118	*	9.366686999999999	7.829508000000001	5.267821	5.772764	3.99131	16.004196	13.58963	1.296168	1.332553	1.317076
chr1	20833392	20835477	ENSG00000090432	*	11.205658	8.806414	6.729783	7.122188	4.633337	21.288669	18.927454	1.283042	1.344476	1.252694
chr1	22378565	22380827	ENSG00000070831	*	12.216647	9.405315	5.527515	6.697781	4.6020210000000015	22.688071	20.895989	1.3516700000000001	1.38208	1.278011
chr1	24103797	24106196	ENSG00000057757	*	11.788133	9.730425	7.29113	7.730617	4.98801	25.460588	21.934129000000002	1.366169	1.4255719999999998	1.323064
chr1	27718536	27720141	ENSG00000181773	*	10.131364	8.312930999999999	4.387501	5.5430839999999995	3.6010129999999996	13.321860000000001	12.51356	1.093967	1.118934	1.1147790000000002
chr1	28562125	28564302	ENSG00000130770	*	11.027458	9.147368	5.9724639999999996	6.809586	4.356887	19.773044	17.594073	1.398968	1.4351260000000001	1.342214
chr1	28654482	28656668	ENSG00000130772	*	9.270852	8.102222000000001	6.196205	7.393057000000001	4.247024	20.212260999999998	18.108883	1.334909	1.448243	1.3046149999999999
chr1	32537510	32540056	ENSG00000121775	*	7.75013	6.452025	4.2379750000000005	4.579322	3.0437819999999998	10.911217	10.142309	1.2621040000000001	1.288094	1.240841
chr1	33206580	33207890	ENSG00000162522	*	10.925206	7.003171000000001	4.414954	5.954530999999999	3.421587	15.868065	12.828406	1.186065	1.227285	1.175441
chr1	35323591	35325963	ENSG00000163866	*	8.926421999999997	7.620496000000001	5.299732	5.621528	3.868003	17.701781	15.404515	1.328119	1.377688	1.295714
chr1	40838780	40841237	ENSG00000084070	*	11.403025	9.025958000000001	6.213724	6.571656	4.439483999999999	21.439964	18.569735	1.3219	1.397448	1.298247
chr1	44677904	44680443	ENSG00000178028	*	6.558852000000001	5.818448	4.4379040000000005	4.479382	2.98334	11.012409	9.916911	1.250935	1.310172	1.301911
chr1	45204772	45207372	ENSG00000142945	*	7.389094	6.9670570000000005	5.64621	6.022069	3.7798809999999996	16.994674	14.756454000000002	1.3732600000000001	1.379845	1.247743
chr1	52342409	52342573	ENSG00000078618	*	1.337528	1.21763	1.242515	1.083817	1.0622040000000001	1.4525780000000001	1.25156	1.185386	1.215741	1.256921
chr1	53661608	53664027	ENSG00000157184	*	7.562585	6.212308999999999	4.837024	5.202422	3.09591	13.638260999999998	12.05676	1.2783440000000001	1.346441	1.315389
chr1	95391487	95391813	ENSG00000117519	*	7.641505	8.516355	6.6425600000000005	7.393062	4.179346	19.124774	19.33023	1.428775	1.549647	1.486916
chr1	110051971	110052987	ENSG00000181754	*	9.745855	7.153074	4.458699	5.627108	3.080759	11.075302	11.538124	1.08644	1.10992	1.070527
chr1	114413190	114415309	ENSG00000134242	*	1.570352	1.551184	1.785684	1.7774580000000002	1.299936	2.121258	2.14826	1.1681139999999999	1.231277	1.183563
chr1	120839152	120839382	ENSG00000188610	*	3.08433	3.6487589999999996	1.414033	1.941035	2.032705	7.452585000000001	6.007841	1.105412	1.078354	1.018209
chr1	151226466	151228624	ENSG00000159352	*	7.777936	7.436799000000001	6.143607	6.5807210000000005	4.0156100000000015	20.308363	17.678365	1.2456049999999999	1.3068739999999999	1.250063
chr1	151298640	151300808	ENSG00000143393	*	9.078332000000001	7.722911	6.256426	6.233092	3.9368480000000003	16.575793	14.825292999999999	1.2988030000000002	1.379435	1.2609709999999998
chr1	151811784	151813053	ENSG00000225556	*	3.50909	2.694495	2.032105	2.6061680000000003	1.468585	2.5876259999999998	2.7531410000000003	1.069411	1.047505	1.1000530000000002
chr1	151965273	151966905	ENSG00000197747	*	11.217675999999999	8.660533000000001	5.196358	6.1992400000000005	3.865135	16.228927	15.498833	1.336751	1.485089	1.284249
chr1	154154379	154156605	ENSG00000143549	*	13.5022	11.355587	7.336798	8.459897999999999	5.002949	24.315799	20.664135	1.400007	1.442895	1.346658
chr1	154244220	154246390	ENSG00000143575	*	7.765173	7.06335	6.105103	6.172092	3.804756	16.40059	14.777185000000001	1.314719	1.3060120000000002	1.25607
chr1	154529595	154531095	ENSG00000160714	*	10.463575	7.993364	5.581911	6.208585	3.93961	18.814992999999998	16.509524	1.455726	1.449227	1.296393
chr1	154908133	154910605	ENSG00000163344	*	7.179950999999999	6.792317999999999	4.724381	5.25039	3.1565830000000004	10.695542	10.694573	1.315561	1.315766	1.25272
chr1	155530943	155531101	ENSG00000116539	*	1.5523559999999998	1.3117889999999999	1.492192	1.219025	1.1219139999999999	2.023743	2.364051	1.020617	1.0154969999999999	1.0349110000000001
chr1	156569848	156572366	ENSG00000160818	*	7.753004	7.085692	5.92927	6.756467999999999	3.9466349999999997	18.60663	16.671762	1.341147	1.395619	1.310899
chr1	160066514	160068591	ENSG00000162729	*	9.227913000000001	6.924588000000001	4.477018	4.399723000000001	3.17758	12.695919	11.934371	1.219041	1.267855	1.178472
chr1	160491599	160491822	ENSG00000162739	*	1.1277110000000001	1.065623	1.135577	1.118551	1.0631899999999999	1.352727	1.271227	1.08314	1.056767	1.270709
chr1	161122848	161125105	ENSG00000143222	*	6.655722	6.26081	5.7448879999999996	6.372603	3.584993	15.210041	13.896254999999998	1.317703	1.394816	1.298291
chr1	167690061	167692668	ENSG00000197965	*	11.392792	8.984335999999997	5.918205	6.8646009999999995	4.149517	20.49396	18.092826000000002	1.422102	1.4235790000000001	1.348283
chr1	171810092	171811611	ENSG00000197959	*	14.328666	11.113246	6.132244	7.218457000000001	4.379144	18.532984	16.9968	1.134527	1.143157	1.157018
chr1	173445189	173447611	ENSG00000117592	*	11.000372	8.681286	5.147551	6.078894	3.811686	17.730638	16.105555000000006	1.376549	1.318028	1.355528
chr1	180470161	180472756	ENSG00000135847	*	11.625943	9.407978	5.81581	6.913141	4.2159580000000005	19.320228	17.129918	1.4185510000000001	1.449486	1.362942
chr1	184020111	184022206	ENSG00000198860	*	7.627768	6.335991	4.949808	6.185637	3.529311	15.652431	14.852321	1.338286	1.340868	1.281498
chr1	200377920	200380251	ENSG00000162702	*	10.598192999999998	8.052086	5.033624	5.643007	3.741214	16.395194	14.397209	1.3346	1.4135959999999999	1.362002
chr1	214775833	214778353	ENSG00000117724	*	7.661478999999999	6.35775	5.07319	5.7919279999999995	3.532418	15.202701000000001	14.246960000000001	1.340554	1.433276	1.243853
chr1	217802812	217802940	ENSG00000092978	*	1.177281	1.033204	1.209675	1.039565	1.068592	1.4242920000000001	1.309185	1.082805	1.1469129999999998	1.149229
chr1	220261874	220262177	ENSG00000162813	*	2.187662	1.94298	1.8249229999999999	1.789828	1.254753	2.425548	2.572902	1.078358	1.114266	1.144285
chr1	220267409	220269019	ENSG00000067704	*	11.235505	8.45041	5.470758999999999	6.023495	3.9745199999999996	19.99762	16.454514	1.30601	1.372803	1.238234
chr1	246886781	246888951	ENSG00000143653	*	11.737212	9.460287	5.635274	7.272902	3.9940309999999997	19.093085000000002	18.268796	1.390822	1.462573	1.28236
chr10	12110380	12112436	ENSG00000181192	*	8.861477	6.8139710000000004	4.707943	4.748958	3.406803	15.646809	13.486637	1.216974	1.260551	1.249303
chr10	43132579	43134887	ENSG00000196693	*	7.609991	7.152682	4.910323	5.695441000000001	3.6177629999999996	15.003803	13.630258	1.316546	1.333493	1.224849
chr10	60144230	60146754	ENSG00000108064	*	9.765617	7.917260000000001	5.965342	6.323269	4.024835	17.775954000000002	15.862725	1.321715	1.324093	1.272888
chr10	64892529	64894814	ENSG00000148572	*	8.357367	6.684323	4.686965	4.9604370000000015	3.347978	14.610344	13.167288000000001	1.242749	1.262793	1.27823
chr10	70480366	70482543	ENSG00000060339	*	11.442492999999999	9.417784	5.899464	7.0602990000000005	4.317483999999999	21.820063	19.156868	1.389216	1.525184	1.3215459999999999
chr10	70660083	70662586	ENSG00000107625	*	9.911982	8.244775	6.065555000000001	6.647439	3.918132	18.883192	16.981747	1.359644	1.4089459999999998	1.359571
chr10	72163236	72165686	ENSG00000148730	*	9.80682	8.065233000000001	5.214214	5.305168	3.5945120000000004	15.911368	14.409889000000002	1.323058	1.435402	1.25328
chr10	72575009	72576772	ENSG00000166224	*	9.839819	7.741950999999999	4.8411240000000015	4.913139	3.682263	15.937295	14.425049	1.266483	1.299284	1.186678
chr10	75172485	75174837	ENSG00000138279	*	11.382811	9.818625	6.698891000000001	7.864960000000001	4.649106	21.604477	19.785120000000003	1.3556190000000001	1.452034	1.3202260000000001
chr10	82167467	82169467	ENSG00000122378	*	12.253193	9.465949	5.622655	6.348123	3.9380370000000005	17.828316	16.751573999999998	1.330198	1.406275	1.344742
chr10	91010702	91012161	ENSG00000107798	*	10.270109	8.294392	5.4269870000000004	5.732953	3.50306	15.545229	14.259642000000001	1.252405	1.27795	1.280078
chr10	96121134	96123241	ENSG00000173145	*	5.064042	5.029918	4.730761	4.774829	3.2415540000000003	13.052507	12.231653	1.273348	1.32712	1.2180600000000001
chr10	99893801	99895797	ENSG00000166024	*	10.061291	8.011875999999999	5.812994000000001	6.6270940000000005	4.051701	19.20136	16.761951999999997	1.3696709999999999	1.413027	1.272303
chr10	101987865	101988075	ENSG00000213341	*	1.364283	1.44042	1.610136	1.242592	1.095222	1.997828	1.611148	1.104185	1.139334	1.234692
chr10	103814209	103814454	ENSG00000120029	*	1.228276	1.219208	1.48305	1.088588	1.102917	1.389402	1.427836	1.1261459999999999	1.161604	1.297682
chr10	104191168	104193136	ENSG00000107874	*	11.126357	9.324553	5.589378	7.031313000000001	4.235562	18.71605	17.675152	1.334489	1.350411	1.319309
chr10	106014001	106016441	ENSG00000148834	*	8.514171000000001	6.377935	4.418265	5.216035	3.242496	14.583213	13.937139000000002	1.3208879999999998	1.312411	1.303402
chr10	131933744	131936297	ENSG00000108010	*	11.611272999999999	9.158321	5.745297	6.3121220000000005	4.386487000000001	20.435701	18.573554	1.280582	1.288234	1.215294
chr10	135185738	135187701	ENSG00000127884	*	8.339144000000001	6.081539	3.660085	4.467905	2.7518860000000003	10.432675	9.311833	1.203625	1.227492	1.151944
chr11	1783373	1785981	ENSG00000117984	*	10.656611999999999	8.706158	4.8237309999999995	5.567025	3.7009160000000003	16.000056999999998	14.332991	1.3964	1.36455	1.2917299999999998
chr11	3816527	3818817	ENSG00000110713	*	9.683842	8.252241999999999	6.1141309999999995	6.4788120000000005	4.1615720000000005	21.326543	19.319644	1.393322	1.382166	1.348678
chr11	8007889	8010339	ENSG00000175390	*	6.967942999999999	5.890781	5.3086150000000005	5.576998000000001	3.690065	16.826907000000002	15.119420000000002	1.261658	1.30377	1.271124
chr11	10771786	10774262	ENSG00000198730	*	10.110608000000001	8.438395	5.926888	6.768114999999999	4.2875890000000005	19.825139	17.548834	1.350534	1.388089	1.287006
chr11	45943826	45944554	ENSG00000165905	*	7.49207	4.945868	3.106681	4.057194	2.579019	10.046598	9.486410000000001	1.032858	1.025898	1.075487
chr11	47662602	47665144	ENSG00000109919	*	9.4476	7.73452	5.833183999999999	6.267098000000001	3.868015	17.739637	16.030524	1.261701	1.366627	1.255485
chr11	59521456	59523758	ENSG00000166900	*	12.627753	10.763739999999999	7.101567999999999	7.627700999999999	4.7292679999999985	20.417459	18.854277	1.186381	1.2396	1.245691
chr11	61348123	61348626	ENSG00000011347	*	11.520369	8.221172	4.674042	5.2316910000000005	2.99078	12.890128	9.667174000000001	1.008925	1.028088	1.03635
chr11	61519554	61520806	ENSG00000124920	*	6.723235000000001	5.127516	3.0028770000000002	3.496609	2.163043	7.655218	6.678772	1.020167	1.03841	1.059476
chr11	61657784	61659921	ENSG00000221968	*	12.429628999999998	9.328416	5.565301	6.172217	4.041341	16.844907	15.198323	1.245698	1.280913	1.320705
chr11	62444903	62445092	ENSG00000162191	*	1.2492219999999998	1.453325	1.6933280000000002	1.114837	1.0954700000000002	1.5876329999999998	1.4123709999999998	1.134711	1.134735	1.150516
chr11	66205276	66206771	ENSG00000174547	*	12.389434	9.71702	7.511614	7.937958999999999	4.799581	22.558467999999998	19.670552	1.411969	1.464389	1.295266
chr11	66443839	66444122	ENSG00000173914	*	1.356169	1.1390879999999999	1.463035	1.1885370000000002	1.067955	1.1775129999999998	1.3661	1.193275	1.268302	1.3315219999999999
chr11	67211009	67212234	ENSG00000172725	*	5.133665000000001	3.990964	3.016403	3.706568	2.240773	7.129055999999999	7.621813	1.064945	1.0582850000000001	1.125744
chr11	71497285	71499402	ENSG00000158483	*	5.9215230000000005	4.778116000000001	3.037224	3.3936839999999995	2.479003	8.676517	8.390803	1.208265	1.21321	1.133508
chr11	75272473	75274430	ENSG00000149257	*	10.008614999999999	8.064149	5.146916	5.809152	3.4215720000000003	12.357933000000001	12.413975	1.2178799999999999	1.240501	1.2364700000000002
chr11	105891554	105893940	ENSG00000170903	*	8.016506	6.249642	5.1514809999999995	5.716709	3.508654	16.116122	14.568822	1.306999	1.273733	1.252239
chr11	115373566	115376016	ENSG00000182985	*	7.196102000000001	5.760162	3.7059370000000005	4.234554	2.7576259999999997	9.705318	8.901667	1.045193	1.046632	1.1678110000000002
chr11	118229660	118231566	ENSG00000110344	*	5.529029	5.459009	5.494966000000001	5.576351	3.478909	15.718335999999999	13.985489999999999	1.301035	1.362067	1.317531
chr11	119076180	119078367	ENSG00000110395	*	11.319422	8.583135	4.856765	5.578151	4.0983019999999994	18.525276	16.161391000000002	1.345812	1.389349	1.311692
chr11	119204638	119206966	ENSG00000173456	*	7.699217	6.120654	4.171513	4.827433	3.226524	13.183848000000001	11.813458	1.326399	1.344395	1.27546
chr12	6861196	6863397	ENSG00000089693	*	11.960834	9.985866	5.79546	6.4794730000000005	4.264622	17.83049	16.782398	1.375723	1.382456	1.255596
chr12	22198942	22200486	ENSG00000111726	*	12.171317	9.616389999999999	6.100558	6.771795	4.370405	21.775347	19.184072	1.4127610000000002	1.425578	1.356915
chr12	31881250	31883182	ENSG00000151743	*	4.119567	3.4963290000000002	2.876268	3.227736	2.038597	6.778668	6.080504	1.2897530000000001	1.313926	1.2369649999999999
chr12	48356830	48359123	ENSG00000134291	*	7.059811	5.902949	4.4023629999999985	4.7741349999999985	3.0272229999999998	11.848025	10.338911999999999	1.282677	1.2869059999999999	1.2498850000000001
chr12	50478057	50480559	ENSG00000066117	*	8.664268	6.9769179999999995	5.215286	5.5737879999999995	3.437645	14.371070999999999	12.631944	1.305617	1.3364850000000001	1.1867159999999999
chr12	51402616	51403631	ENSG00000110911	*	1.601877	1.370909	2.160805	1.6496380000000002	1.235121	1.7119080000000002	1.760139	1.064618	1.109642	1.196693
chr12	51475689	51477855	ENSG00000110925	*	9.729322	7.816635000000001	5.634618	5.746924	3.728247	16.951107999999998	14.847487	1.333647	1.343769	1.2778120000000002
chr12	51565528	51567393	ENSG00000135457	*	5.509412	4.6363400000000015	3.696314	3.7670489999999996	2.488121	9.683197	8.194963000000001	1.0774	1.083855	1.164748
chr12	53773779	53775426	ENSG00000185591	*	6.450143	5.36116	3.6407160000000003	3.9522489999999997	2.841239	10.624778	9.472488	1.259382	1.280609	1.257442
chr12	54068452	54070465	ENSG00000135390	*	7.12418	6.0123940000000005	4.886099	5.3347739999999995	3.1573700000000002	12.443728	11.941391000000001	1.3573959999999998	1.356396	1.269065
chr12	56545162	56547601	ENSG00000196465	*	7.407255999999999	6.584736	5.252212999999999	5.518861	3.415806	14.575351000000001	12.225789	1.2789780000000002	1.350437	1.269185
chr12	58087091	58089163	ENSG00000135506	*	7.879797999999999	6.6148419999999994	5.162975	5.630761	3.498871	15.085714000000001	12.766575	1.265787	1.272826	1.274443
chr12	95396230	95398413	ENSG00000184752	*	6.2086809999999995	5.653322	4.730226	4.962061	3.229004	14.013564	12.04804	1.224708	1.313264	1.238917
chr12	97300197	97302605	ENSG00000139350	*	9.683812	7.599862	5.556719999999999	6.33199	4.072716000000001	18.812526000000002	16.68666	1.376457	1.400584	1.257422
chr12	107485887	107488482	ENSG00000008405	*	14.048273000000002	11.63268	6.739921000000001	7.861819000000001	4.795635	22.525883	20.696839	1.3553309999999998	1.501731	1.3323180000000001
chr12	108078510	108080485	ENSG00000136045	*	8.940290000000003	8.225309	6.3015550000000005	6.566526	4.100308999999999	19.848575	17.638925	1.403972	1.433424	1.323117
chr12	109489913	109492003	ENSG00000135093	*	10.576461	8.26493	5.480376000000001	6.034553	4.081644	16.845785	14.907561	1.303883	1.391112	1.211598
chr12	109529624	109531739	ENSG00000189046	*	4.223781	4.290615	3.5619419999999997	3.723447	2.408052	7.934017999999999	8.097649	1.209481	1.243327	1.188764
chr12	117626730	117628832	ENSG00000135108	*	11.948171	9.486754	5.945208	6.472323	4.1512150000000005	20.352184	16.302806	1.339133	1.436941	1.335059
chr12	123008695	123010373	ENSG00000111011	*	2.943483	2.816106	3.686354	3.176789	2.1126050000000003	7.012011	7.198536	1.332947	1.5001870000000002	1.2650430000000001
chr12	124116844	124117219	ENSG00000111361	*	2.667437	2.370854	2.691998	2.1763619999999997	1.749499	4.6647989999999995	4.60463	1.1526	1.146652	1.091931
chr12	133562369	133564150	ENSG00000198393	*	11.184177	9.231996	6.521105	6.7492220000000005	4.320759	19.153755	17.474316	1.386544	1.4516959999999999	1.384064
chr13	34391505	34393126	ENSG00000133119	*	10.26126	9.109971	7.4798789999999995	8.624707	5.319032	28.777644	24.745656	1.314211	1.337193	1.282901
chr13	44360129	44361825	ENSG00000120658	*	21.081075	15.743823999999998	7.87068	9.657096000000001	5.842688	31.575938	27.824632	1.26195	1.283575	1.206941
chr13	47370044	47371954	ENSG00000139684	*	11.784823	10.336638	6.458487	7.949769	4.4709970000000006	22.263414	20.28023	1.221969	1.2010120000000002	1.242208
chr13	48667504	48669436	ENSG00000136146	*	11.493071	9.635609	6.606797	7.169345	4.723688	24.072413	20.923637	1.332937	1.400842	1.272547
chr13	53028394	53030864	ENSG00000136108	*	9.457533999999999	7.531123	5.886165	6.762624000000001	3.952553	18.308723	16.406765999999998	1.404177	1.440283	1.3042040000000001
chr13	53190515	53192604	ENSG00000139675	*	7.753541	6.867549	5.850723	6.422926	3.619989	15.769092	14.164475	1.281577	1.281366	1.211797
chr13	96328172	96330664	ENSG00000102580	*	12.073714	9.687748	6.267462	7.093226	4.4489459999999985	21.546405	18.650525	1.4263370000000002	1.4356879999999999	1.275203
chr13	101240251	101241418	ENSG00000134864	*	8.680598	6.812161	4.218013	5.356426	2.964416	14.153475	13.308269000000001	1.263747	1.192485	1.233351
chr13	115000238	115001741	ENSG00000130177	*	11.207386999999999	8.093216	5.578308	6.634252	4.205579	19.349629	17.64485	1.352013	1.379484	1.367976
chr14	23820897	23822299	ENSG00000092096	*	9.471259	7.138196000000001	4.687078	4.472715	2.951917	9.782086999999999	9.299919000000001	1.090211	1.126584	1.1693200000000001
chr14	39638571	39640418	ENSG00000182400	*	10.24897	8.934728999999999	6.29659	7.375236	4.4358140000000015	20.182073000000003	17.879966	1.372968	1.446466	1.324992
chr14	45552557	45555031	ENSG00000185246	*	6.397146	5.6778319999999995	4.606484	5.139111	3.1656310000000003	13.617857999999998	11.798053999999999	1.261426	1.267866	1.236083
chr14	53160817	53163130	ENSG00000197930	*	12.539182	9.970616	6.128005	6.862089999999999	4.4435139999999995	21.811754	18.993738	1.396375	1.474582	1.313084
chr14	53416574	53418792	ENSG00000073712	*	14.375909	10.522546	6.267901	7.402753	4.714759	25.623773	21.220487	1.345056	1.3758489999999999	1.266786
chr14	55737567	55739851	ENSG00000178974	*	11.770278	8.413076	4.840241000000001	6.207825	3.896521	20.326446	18.290892000000003	1.35628	1.391575	1.3474030000000001
chr14	59654328	59656815	ENSG00000100592	*	12.820131	10.558411	6.659164	7.574321	4.845435	22.261753	19.047047	1.377675	1.385171	1.251339
chr14	93213830	93215627	ENSG00000100600	*	6.530928	5.842432	4.0874190000000015	4.5482239999999985	2.990414	10.829541	10.025526	1.059649	1.0760040000000002	1.129061
chr14	94594979	94596628	ENSG00000119632	*	5.323601	4.7317040000000015	3.815268	4.237793	2.539547	8.92838	8.531146000000001	1.191392	1.226413	1.1740629999999999
chr14	97263175	97265739	ENSG00000100749	*	8.624924	6.891839999999999	4.5225810000000015	5.095868	3.2829019999999995	15.585448000000001	13.952538	1.2381030000000002	1.316869	1.243293
chr14	101033427	101033546	ENSG00000183092	*	3.6243769999999995	3.0735069999999998	2.595707	2.364106	1.724668	4.182501	4.608067	1.1829020000000001	1.1864190000000001	1.112017
chr14	105485316	105487387	ENSG00000170779	*	13.573567	10.829951	6.865164999999999	7.73261	4.926812	25.622938	22.378113	1.514921	1.528442	1.362442
chr15	32907062	32907735	ENSG00000198826	*	1.973213	2.184525	1.682741	1.9060849999999998	1.6620130000000002	4.550555999999999	3.888379	1.0821399999999999	1.08961	1.0863610000000001
chr15	40452765	40455251	ENSG00000156970	*	6.7103720000000004	6.108392	5.187428	5.606521	3.3905440000000002	15.005826999999998	13.81129	1.374039	1.409674	1.304629
chr15	40762584	40764873	ENSG00000169105	*	9.533750999999999	7.107983	4.438858	4.987057	3.185092	13.241763	12.69633	1.370143	1.391094	1.260809
chr15	50977617	50980153	ENSG00000092439	*	11.015104	9.842047	6.285439	7.259831	4.5426199999999985	22.936632	19.364388	1.422991	1.423224	1.29675
chr15	52859224	52861729	ENSG00000128989	*	8.593809	7.271497999999999	5.312342	6.322347	3.858357	18.846479000000002	16.839281	1.352195	1.428452	1.350986
chr15	59948072	59948296	ENSG00000140307	*	1.177537	1.16257	1.143633	1.14534	1.064442	1.504302	1.196679	1.153383	1.195009	1.214779
chr15	64443834	64444470	ENSG00000157734	*	17.98634	12.697968	7.449012	8.685452	5.296939	23.17605	22.717456	1.043778	1.047662	1.167673
chr15	65822139	65824701	ENSG00000074696	*	10.727803999999999	8.810153999999999	5.157272	6.244421	3.711579	17.77465	16.153568	1.394775	1.42495	1.301513
chr15	69591140	69591475	ENSG00000137819	*	10.941632	6.820111	4.747517	5.496045	3.3347290000000003	14.546282000000001	12.206256	1.045717	1.075649	1.134161
chr15	74219414	74220865	ENSG00000129038	*	14.113510999999999	10.902455999999999	5.266321	6.499926	4.303523	20.266742999999998	18.710419	1.0340770000000001	1.04244	1.095388
chr15	74752199	74754700	ENSG00000138629	*	7.304463	6.885223	5.560849	6.014113	3.69976	17.228396	16.016165	1.300367	1.340731	1.2747030000000001
chr15	75164355	75166401	ENSG00000140497	*	10.5849	9.055496	6.335089	6.758902	4.188912	17.317416	15.921655	1.313071	1.324295	1.2483
chr15	77362105	77363831	ENSG00000140391	*	12.11722	8.527287000000001	5.263915	7.201002000000001	3.8455269999999997	20.944399	15.830631	1.366551	1.415884	1.364286
chr15	78590490	78592790	ENSG00000140395	*	7.534026	6.5837270000000006	5.78949	5.871498	3.790564	17.845761	15.578342999999998	1.312926	1.349504	1.296667
chr15	92397021	92397425	ENSG00000176463	*	13.766345999999999	10.533821000000001	5.665408	7.230085000000001	4.204869	22.606602	19.794194	1.2586620000000002	1.28328	1.248538
chr16	127151	129257	ENSG00000103152	*	14.220362	10.744674	5.998423000000001	7.254003	4.359278	19.505986	18.621973999999998	1.1983409999999999	1.2519	1.151715
chr16	765202	766347	ENSG00000103260	*	12.896975	8.729452	5.080744	5.808184	3.734638	17.628161	16.056687	1.078385	1.09807	1.070967
chr16	3013784	3015518	ENSG00000131650	*	9.75954	7.8842550000000005	4.667838	4.515862	2.919858	8.978223	9.299853	1.0403950000000002	1.0630629999999999	1.067214
chr16	4674033	4676253	ENSG00000102858	*	14.568732	11.007729	6.2760419999999995	7.2046410000000005	4.85506	22.159589	19.903679	1.1994200000000002	1.230605	1.124507
chr16	57278149	57280208	ENSG00000102931	*	9.161835	7.395194999999999	4.5014470000000015	5.516392	3.4719160000000002	15.162466	13.159456	1.356715	1.304885	1.292398
chr16	57496186	57498073	ENSG00000102978	*	9.283529	7.957875	5.190094	5.528541000000001	3.6542879999999998	17.232484	14.932745	1.328526	1.471946	1.301701
chr16	58766660	58768692	ENSG00000125166	*	13.805439000000002	10.711295	6.780415	7.1613679999999995	4.907793	24.594397	20.988707	1.3534469999999998	1.490939	1.291156
chr16	66863011	66865296	ENSG00000159593	*	8.454139	6.774047	5.028787	5.323134	3.3875910000000005	15.779878	15.020710999999999	1.33891	1.393643	1.22148
chr16	67207562	67208859	ENSG00000140939	*	5.329174	4.2657430000000005	3.1280349999999997	3.2150119999999998	1.754211	4.3958390000000005	4.726581	1.164664	1.200056	1.23985
chr16	67678396	67680364	ENSG00000159753	*	11.803336	8.756039000000001	4.610858	5.979807	3.7204050000000004	15.069392	14.753945000000002	1.314906	1.43086	1.27244
chr16	67926452	67928952	ENSG00000159792	*	9.242443	7.682911	5.18697	5.504976999999999	3.685024	17.201581	15.766607	1.284171	1.30693	1.334997
chr16	69164351	69164727	ENSG00000168802	*	1.210923	1.189719	1.5192139999999998	1.11657	1.08451	1.247474	1.339595	1.0766790000000002	1.1755010000000001	1.2320010000000001
chr16	74699311	74701344	ENSG00000168411	*	9.165758	7.186747	5.35469	6.029197	3.748677	18.442991	16.567743	1.339132	1.381856	1.289128
chr16	75018134	75019459	ENSG00000103091	*	15.820551000000002	12.504889	7.02986	8.365342	5.300043	25.745209	21.92886	1.338697	1.395297	1.283657
chr16	82202400	82204525	ENSG00000135698	*	8.437914	7.234819	4.8754810000000015	5.520274	3.4916769999999997	13.868132999999998	12.589419	1.2421440000000001	1.28576	1.267982
chr17	4457080	4459653	ENSG00000132382	*	12.935992	9.84798	6.717213	7.283339	4.607639	22.269464000000003	19.905746	1.368692	1.451245	1.290319
chr17	6346674	6348469	ENSG00000129195	*	7.395605000000001	6.025440000000001	4.025108	4.74705	2.768383	9.649315	9.204322	1.3219530000000002	1.3333030000000001	1.2163549999999999
chr17	16394407	16396144	ENSG00000181350	*	9.079544	6.354508999999999	3.9747269999999997	4.723597	2.979419	11.57825	10.614778999999999	1.153528	1.1336899999999999	1.14525
chr17	18758223	18760395	ENSG00000141127	*	5.24429	5.060569	5.017907	4.9349810000000005	3.0014119999999997	11.443762	10.587498	1.24888	1.269814	1.312339
chr17	19265140	19266938	ENSG00000108641	*	11.347474	8.973787999999997	5.097573000000001	5.972016	3.799586	14.019257000000001	14.783862	1.114869	1.157126	1.133278
chr17	20944812	20946351	ENSG00000124422	*	17.825978	13.053775	7.9773559999999994	8.886012000000003	5.58504	30.426243	25.770201	1.526041	1.511443	1.346061
chr17	21453428	21455720	ENSG00000212719	*	5.7838389999999995	4.870481	3.356724	4.064884999999999	2.5699799999999997	8.826446	8.496199	1.049623	1.054547	1.146266
chr17	25620492	25622976	ENSG00000109046	*	10.617981	8.788986999999999	6.228061	6.933658	4.470733	20.457156	18.081566	1.361409	1.42059	1.3245719999999999
chr17	27168578	27170490	ENSG00000173065	*	10.691445	9.330525	6.496238	7.193802000000001	4.54007	20.283531	17.743916	1.303956	1.321948	1.24906
chr17	33913500	33915886	ENSG00000006125	*	7.1573	6.596991	5.601751	5.8904760000000005	3.633528	16.960121	15.447989999999999	1.278743	1.325844	1.2497129999999999
chr17	35305099	35307722	ENSG00000108270	*	9.560911	8.325192000000001	5.789613	6.001956	3.977876	18.650557	16.295468	1.356307	1.377709	1.303069
chr17	38443447	38445735	ENSG00000094804	*	8.280773	7.28805	5.1507	5.216678	3.407321	15.338544	13.295010999999999	1.285766	1.3241120000000002	1.2246270000000001
chr17	40974712	40975389	ENSG00000126581	*	1.404844	1.50979	1.6673639999999998	1.299264	1.182	2.075759	2.070435	1.10849	1.1442	1.287426
chr17	42218602	42220666	ENSG00000125319	*	10.223208	8.565451	4.955121	5.8371260000000005	3.7235300000000002	16.862265	14.412966	1.321585	1.382016	1.285404
chr17	43508836	43510399	ENSG00000159314	*	8.570803999999999	5.65669	3.842993	4.205935	2.6064860000000003	8.633491000000001	8.690525000000001	1.186535	1.205549	1.135312
chr17	46907990	46909616	ENSG00000136436	*	10.490287	8.384466999999999	5.42413	6.3074129999999995	3.9476120000000003	17.818870999999998	15.373643	1.295025	1.367192	1.262526
chr17	48555361	48557882	ENSG00000136444	*	8.879863	7.732324	5.186595	5.638083	3.681794	15.784253	14.640425	1.232895	1.25415	1.197079
chr17	53827957	53829723	ENSG00000141179	*	9.947683999999999	8.053896	4.8391280000000005	5.339608999999999	3.7255199999999995	15.737399	14.683317	1.2469700000000001	1.2951979999999998	1.223755
chr17	56594171	56596675	ENSG00000108389	*	9.400203	7.701861	5.374143	5.735354	3.488606	14.626845000000001	13.243108	1.327488	1.327572	1.308395
chr17	73104941	73107155	ENSG00000125449	*	11.328930999999999	9.362222000000001	6.090696	6.655202	4.1816080000000015	18.115885000000002	16.510046000000006	1.329217	1.396888	1.312066
chr17	73716718	73717549	ENSG00000132470	*	9.226725	6.099107	4.3752650000000015	5.224126	2.996467	9.778715	9.756689	1.041735	1.063232	1.151313
chr17	73838690	73840840	ENSG00000092929	*	9.25002	7.133682	4.760294999999999	5.030824	3.040645	9.614989999999999	10.121181	1.409835	1.505198	1.326154
chr17	74705837	74706714	ENSG00000182534	*	6.316952	4.466182	3.5175080000000003	3.544693	2.2783990000000003	7.806019999999999	6.871844	1.126214	1.167908	1.2420870000000002
chr17	76164100	76165930	ENSG00000108639	*	11.889114	8.942033	5.296797	5.785744	3.9179690000000003	17.017809	16.168367	1.243097	1.263185	1.1925700000000001
chr17	77769555	77771050	ENSG00000141570	*	9.497694000000001	7.354652000000001	5.549112	5.112773000000001	3.8213800000000004	16.447304000000006	13.907014000000002	1.3064049999999998	1.344271	1.264417
chr17	80604514	80606446	ENSG00000141580	*	18.099270999999998	13.919914000000002	8.537208	8.668558	6.266323000000001	34.016576	28.235006	1.462085	1.507884	1.317699
chr18	32923020	32925163	ENSG00000172466	*	8.871137000000003	6.928572	5.269376	5.862455000000001	3.485007	16.337487	14.036626	1.345039	1.338215	1.248215
chr18	47721297	47721505	ENSG00000167306	*	7.520958	5.246626	3.9972339999999997	3.528233	2.180168	6.4026559999999995	6.6456669999999995	1.016284	1.04285	1.053774
chr18	47812550	47815087	ENSG00000154832	*	8.882524	7.5495779999999995	5.143048	5.5047	3.749882	14.473348000000001	12.870028	1.273964	1.3122209999999999	1.231992
chr18	55287516	55290073	ENSG00000134440	*	8.070552000000001	7.054578	4.863512999999999	5.071739	3.312539	14.864938	12.971378999999999	1.3072190000000001	1.36779	1.300245
chr18	56806408	56808378	ENSG00000166562	*	9.280178999999999	7.5893369999999996	4.83436	5.238576	3.457264	13.481329999999998	12.728873	1.262248	1.325048	1.210099
chr18	57566335	57568845	ENSG00000141682	*	8.975147999999999	7.562772	4.766871	5.233936	3.5427739999999996	14.548314999999999	12.945725999999999	1.4433209999999999	1.39206	1.313661
chr19	892061	893904	ENSG00000175221	*	9.236908999999999	7.301680999999999	3.96505	4.801408	3.3379300000000005	14.766292000000002	11.881416999999999	1.301662	1.336659	1.228428
chr19	912374	913983	ENSG00000198858	*	11.033024000000001	8.033007000000001	4.372146	5.01446	3.27471	16.808123000000002	14.310526999999999	1.251981	1.287221	1.223749
chr19	1268618	1271188	ENSG00000099622	*	8.33343	7.044604	4.9098039999999985	4.890718	3.1324110000000003	14.245718	12.989314	1.335102	1.399618	1.280285
chr19	1382978	1385197	ENSG00000115286	*	11.166447999999999	8.576961	5.958639	6.125382	4.179283	21.462660999999997	19.226895000000003	1.354395	1.380601	1.303123
chr19	1477425	1479926	ENSG00000119559	*	10.477197	8.035636	5.106072	5.221284	3.7601809999999998	17.282289000000002	14.774731	1.26393	1.395606	1.26196
chr19	2150032	2151581	ENSG00000065000	*	16.422981	12.632524	6.995496000000001	7.729622	5.317312	29.199042	24.147001	1.504032	1.58958	1.379205
chr19	4669059	4670948	ENSG00000074842	*	10.087492999999998	7.663256	5.012129	5.2703690000000005	3.599012	16.898695	14.865234	1.29405	1.362136	1.210402
chr19	4866539	4868249	ENSG00000105355	*	9.410185	7.220217999999999	4.589739	5.132932	3.430778	14.794698	13.784118	1.359565	1.404369	1.233053
chr19	6391606	6391826	ENSG00000125651	*	1.4099760000000001	1.071567	1.155063	1.1137270000000001	1.0414700000000001	1.3719370000000002	1.674586	1.038159	1.114859	1.107253
chr19	6772231	6774208	ENSG00000141968	*	11.681552	8.838621	5.421325	6.197804	4.076058	17.458884	15.295179999999998	1.461355	1.5414299999999999	1.321653
chr19	8068828	8070413	ENSG00000066044	*	9.011013	7.639621000000001	5.039516000000001	5.812373	3.9090830000000003	20.690728	17.614059	1.4446809999999999	1.506672	1.3636
chr19	8454104	8456236	ENSG00000185236	*	8.77045	7.428491999999999	4.3892159999999985	5.54977	3.5312050000000004	16.437676999999997	14.954276	1.3070110000000001	1.344175	1.253065
chr19	10653961	10656590	ENSG00000130734	*	9.793208	7.345825	4.654941	5.089519	3.514869	15.247147	13.688749	1.384708	1.44344	1.276034
chr19	14543459	14545646	ENSG00000123143	*	9.969171000000001	7.953816000000001	4.771417	5.6711599999999995	3.627108	18.424163	15.977607	1.316519	1.3197219999999998	1.287965
chr19	16434782	16436180	ENSG00000127528	*	10.930038	8.04434	4.668253	5.4304809999999994	3.7104480000000004	16.126732	15.131581	1.05532	1.08978	1.1329790000000002
chr19	35417416	35419068	ENSG00000168661	*	5.05969	4.46403	3.768075	3.796478	2.453278	10.083017	9.923822	1.262482	1.2827389999999999	1.228839
chr19	35759497	35761267	ENSG00000105698	*	10.752203	7.547256	4.054591	5.029534	3.17813	16.237773999999998	12.159768	1.286845	1.340044	1.2009729999999998
chr19	36118912	36120957	ENSG00000126254	*	10.404032	8.244838	5.553505	6.2807319999999995	4.208079	20.530048	17.832022	1.319572	1.357129	1.285284
chr19	45394502	45396624	ENSG00000130204	*	10.654163	8.406600000000001	5.731363	6.050456	4.007137	20.120306	17.482476000000002	1.331232	1.378244	1.283813
chr19	47352394	47354567	ENSG00000042753	*	7.9755	6.7242820000000005	4.933732	4.875057	3.4836910000000003	15.154476999999998	13.628352	1.2446110000000001	1.27138	1.250217
chr19	55790314	55792273	ENSG00000133265	*	8.373847	6.148491	4.420376999999999	4.819101	3.069091	13.696726000000002	11.742563	1.261264	1.325573	1.234299
chr19	58280481	58282355	ENSG00000083828	*	9.408050999999999	7.648296	4.854008	5.39201	3.548997	17.418014000000003	15.253585999999999	1.304334	1.394708	1.295754
chr2	15699299	15701885	ENSG00000151779	*	6.100134	5.541346	4.363916000000001	4.952873	3.1886970000000003	12.320482	11.297654	1.291077	1.378749	1.30701
chr2	27630898	27633341	ENSG00000115241	*	9.999487	8.288668000000001	5.590047	6.4152830000000005	4.1235529999999985	19.330333	16.597398000000002	1.377512	1.444567	1.285197
chr2	32287786	32290049	ENSG00000021574	*	6.163236	5.232779	3.350883	3.809363	2.645664	10.252678999999999	8.867787	1.326177	1.364155	1.33291
chr2	48666891	48668985	ENSG00000162869	*	6.197291000000001	4.8688090000000015	3.8752400000000002	4.332375	2.7637389999999997	10.850947999999999	10.274617	1.384606	1.433548	1.322096
chr2	55495513	55497612	ENSG00000085760	*	7.051799000000001	6.384129	5.246185	6.282312999999999	3.532521	15.096085999999998	13.861175	1.3598540000000001	1.362359	1.2359229999999999
chr2	69613118	69615377	ENSG00000198380	*	9.151366000000001	7.587059	5.056513	5.52719	3.56061	14.823054	14.259845	1.385002	1.487954	1.329588
chr2	70779792	70780047	ENSG00000163235	*	4.127166000000001	3.3839620000000004	3.193094	2.7902370000000003	1.774563	3.812733	3.405218	1.174077	1.265211	1.231731
chr2	73296967	73299454	ENSG00000144040	*	14.076487	10.530741	6.009405	6.850053	4.1820590000000015	18.173918	16.370165999999998	1.453181	1.4329120000000002	1.300317
chr2	74404358	74406869	ENSG00000114978	*	8.270392000000001	7.104947	5.162768	5.40415	3.5032010000000002	14.565892999999999	13.507026999999999	1.273696	1.347809	1.2699280000000002
chr2	74607074	74607315	ENSG00000204843	*	1.446534	1.297596	1.307252	1.130335	1.070398	1.09953	1.163053	1.067045	1.0983479999999999	1.153219
chr2	85787024	85787354	ENSG00000115486	*	1.689371	1.283341	1.300326	1.156204	1.114943	1.522248	1.521001	1.0530389999999998	1.194548	1.118241
chr2	85810854	85813306	ENSG00000168899	*	5.844338	4.5125410000000015	3.185402	4.052965	2.430097	7.439533	7.5917460000000005	1.26044	1.332751	1.215331
chr2	87034419	87036053	ENSG00000153563	*	8.005291	6.689758	4.643707	5.424265	3.055461	9.468093	9.391883	1.22455	1.274885	1.203135
chr2	88990221	88992730	ENSG00000153574	*	7.899505	7.050736	4.403777	5.187456	3.2765009999999997	13.077722999999999	12.077283	1.333075	1.4088459999999998	1.286509
chr2	95962568	95963993	ENSG00000115041	*	3.595399	3.150677	2.586359	2.665781	1.791753	4.52649	4.6189339999999985	1.08855	1.072735	1.101501
chr2	105653684	105655710	ENSG00000135972	*	9.158617999999999	7.426935	6.175643	6.388416	4.086444	16.77645	15.456591	1.342799	1.357445	1.307546
chr2	118571772	118573955	ENSG00000088205	*	6.692672999999999	6.32843	4.983962	5.454731	3.463304	15.186781	13.790272	1.28309	1.320925	1.276561
chr2	131849613	131852004	ENSG00000152102	*	10.994932	8.785969999999999	5.942663	7.392977	4.562842	20.968191	18.652906	1.4136540000000002	1.421476	1.276917
chr2	136498929	136501541	ENSG00000144224	*	10.086298	8.150538000000001	5.308044000000001	5.884488	3.700685	17.871925	15.254682999999998	1.371408	1.4029790000000002	1.307552
chr2	157189206	157189500	ENSG00000153234	*	4.758212	3.984211	3.1705349999999997	3.277254	1.8165080000000002	3.440226	3.242677	1.061408	1.068793	1.128203
chr2	163200058	163201508	ENSG00000115271	*	7.713367	6.752173	5.4309389999999995	5.404605999999999	3.5426330000000004	13.684928	12.644333999999999	1.0556159999999999	1.1180709999999998	1.155332
chr2	180870505	180872557	ENSG00000163510	*	6.7916419999999995	6.132295	5.007835	5.75446	3.5260589999999996	15.66394	13.37256	1.311548	1.384572	1.312087
chr2	205409577	205410607	ENSG00000116117	*	11.611487	8.261338	4.797357	6.3554379999999995	3.5950290000000003	15.654844	14.422070999999999	1.269562	1.36519	1.2775290000000001
chr2	223724796	223727236	ENSG00000123983	*	10.937401	8.018975000000001	4.7139880000000005	5.819407	3.851006	17.129822	15.336186999999999	1.3240889999999998	1.360479	1.266165
chr2	224902900	224904767	ENSG00000135919	*	11.586051	8.692181999999999	4.9858400000000005	5.956180000000001	3.942394	15.619998999999998	15.011947	1.25623	1.259045	1.1778110000000002
chr2	242295378	242297171	ENSG00000006607	*	10.048007	7.246919	4.618379	5.191345	3.654418	15.608364000000002	14.124626000000001	1.24655	1.25156	1.195718
chr20	1446085	1448139	ENSG00000088833	*	10.723245	8.07274	5.2612879999999995	5.792625	3.763175	17.743773	15.343085999999998	1.2373610000000002	1.309025	1.319864
chr20	2643758	2645674	ENSG00000101365	*	10.477405000000001	8.975408	6.53472	7.006297	4.64877	21.271635	18.003783	1.35727	1.419448	1.2604819999999999
chr20	2779685	2781890	ENSG00000088882	*	12.383515	9.535048	5.811801999999999	6.813397	4.210416	21.145798000000003	18.539273	1.298846	1.2883850000000001	1.260576
chr20	3765725	3767232	ENSG00000125817	*	5.505634	4.596774	2.7629390000000003	3.019549	2.058765	7.200475999999999	5.975707	1.063718	1.058492	1.118617
chr20	5092367	5094725	ENSG00000089063	*	8.306025	7.544326	5.22584	5.907306	3.755474	17.661602	15.643341	1.359161	1.338602	1.2681870000000002
chr20	30537747	30540003	ENSG00000088356	*	9.222911999999999	7.737537	5.152277	5.486078	3.741913	17.688785	14.779967000000001	1.318052	1.380708	1.2887790000000001
chr20	31987917	31990329	ENSG00000101391	*	8.935162	7.586053	6.405975	6.925478	4.3136470000000005	19.719437	17.428367	1.3114370000000002	1.397524	1.413707
chr20	32272137	32274111	ENSG00000101412	*	11.295653	9.10827	5.4532300000000005	5.871453	3.900103	16.578142	15.668891	1.380737	1.448901	1.251587
chr20	32889410	32891662	ENSG00000101444	*	11.704136	9.696533	5.849437	7.078554	4.325304	19.390363	17.450968	1.351821	1.412883	1.260535
chr20	36321783	36323930	ENSG00000132792	*	7.071652	6.179059	4.9977490000000016	5.0489239999999995	3.4980879999999996	14.216679999999998	12.826752	1.276619	1.358147	1.293877
chr20	43149159	43151327	ENSG00000132824	*	8.645228	7.214481	4.8932910000000005	5.4682010000000005	3.605665	16.262117	15.051404000000002	1.350487	1.38044	1.290135
chr20	44991826	44993873	ENSG00000080189	*	8.681274	7.071507	4.403974	4.9940489999999995	3.293658	14.138041000000001	12.511892	1.288098	1.254915	1.211277
chr20	48529706	48530013	ENSG00000158480	*	1.152124	1.113584	1.208021	1.0671620000000002	1.023917	1.0740049999999999	1.40528	1.065143	1.103046	1.0793540000000001
chr20	48552344	48554929	ENSG00000124226	*	10.078283	8.733036	5.922034	6.872925	4.2503600000000015	20.85592	17.961819000000002	1.361125	1.464021	1.333959
chr20	49126028	49128550	ENSG00000196396	*	9.583889	7.997432000000001	5.104928	5.505386	3.619851	15.247860999999999	14.550517000000001	1.3755629999999999	1.257321	1.237827
chr20	55043023	55045440	ENSG00000022277	*	6.1165519999999995	5.443375	4.997262	5.524222	3.4124190000000003	14.643482999999998	12.837453	1.26741	1.302508	1.25154
chr21	27541427	27542709	ENSG00000142192	*	15.888426	13.248451999999999	7.3024830000000005	8.835953	5.513719999999999	26.510104	23.294418	1.02565	1.032374	1.1236979999999999
chr21	35286567	35288771	ENSG00000241837	*	8.927586999999997	8.275775	5.983732	6.716533	4.0222620000000004	18.965436999999998	17.849228	1.298349	1.341741	1.298141
chr21	40718874	40721080	ENSG00000205581	*	10.523344999999999	8.641435000000001	6.138395	6.653438	4.159176	22.452134	20.436101	1.449726	1.392567	1.370012
chr22	30641736	30641914	ENSG00000128342	*	1.76361	1.511728	1.322445	1.327865	1.120064	1.389523	1.3806969999999998	1.095418	1.097116	1.069436
chr22	35795041	35797660	ENSG00000100297	*	8.612419000000001	7.138248	4.6863670000000015	5.085441	3.1552849999999997	13.456461	12.337142	1.401894	1.4313049999999998	1.278239
chr22	38965257	38967516	ENSG00000100206	*	5.003565	4.580264	3.2267200000000003	3.899206	2.386671	8.712424	8.182354	1.18594	1.1928159999999999	1.182248
chr22	42914475	42915010	ENSG00000189306	*	2.8984919999999996	2.7797560000000003	2.699868	2.6278080000000004	1.993845	5.672130999999999	5.585823	1.131621	1.101375	1.033412
chr22	44892534	44895041	ENSG00000188636	*	6.255542	4.916753	3.066035	3.4975410000000005	2.386727	9.363043	8.865313	1.281283	1.299657	1.209609
chr22	50946478	50948474	ENSG00000025770	*	5.9442379999999995	4.984624	3.9705230000000005	3.9262019999999995	2.912583	12.043453	10.268533	1.2943149999999999	1.312055	1.3005520000000002
chr3	14692049	14694160	ENSG00000154781	*	8.462214	7.83102	5.725343	6.797416	4.0935489999999985	18.346382000000002	17.439256	1.365294	1.443673	1.323518
chr3	15372920	15374636	ENSG00000131370	*	14.833975	11.332336999999999	6.118155000000001	7.184773	4.843559	19.481026999999997	18.265989	1.369953	1.438884	1.366736
chr3	32543121	32544864	ENSG00000091317	*	10.31354	8.169878	6.018234	6.460063	4.110968	18.436551	17.297381	1.380317	1.426972	1.3231979999999999
chr3	48671818	48673683	ENSG00000225697	*	13.980128	10.25409	5.243119999999999	6.312465	4.203207	18.690545999999998	17.56755	1.388017	1.431759	1.3002209999999998
chr3	98311066	98313196	ENSG00000080819	*	10.382822	7.968553999999999	4.9672990000000015	5.634769	4.087758999999999	17.6027	15.709535	1.24786	1.299183	1.200071
chr3	101279694	101282145	ENSG00000174173	*	8.103761	6.735110000000001	5.969755999999999	6.667565	4.1375600000000015	19.775707	17.397509	1.30215	1.320519	1.316293
chr3	120066598	120069050	ENSG00000163428	*	12.566443	9.847196	6.29207	7.379074	4.58248	22.797222	20.061037	1.3881620000000001	1.3770879999999999	1.299022
chr3	125237244	125237585	ENSG00000114520	*	1.288867	1.136817	1.294194	1.147098	1.070049	1.324105	1.283849	1.136971	1.2054340000000001	1.182125
chr3	128205611	128206909	ENSG00000179348	*	7.9053960000000005	5.493491000000001	3.287946	3.816871	2.597441	9.442922	9.219517999999999	1.334667	1.347022	1.215742
chr3	128996856	128999002	ENSG00000183624	*	11.066561	8.742328	5.702935	6.300448	3.918253	18.751611999999998	15.578460999999999	1.295628	1.3457629999999998	1.306866
chr3	129324608	129325513	ENSG00000004399	*	6.184614	4.744568	3.4685580000000003	3.3557099999999997	2.05331	6.3517269999999995	5.78886	1.550465	1.562869	1.331607
chr3	142314351	142316625	ENSG00000120756	*	7.4735830000000005	5.922379	4.984965	5.390707	3.266693	12.473359	11.834800999999999	1.310717	1.319517	1.232995
chr3	156271436	156273657	ENSG00000114850	*	7.495633	6.319551000000001	5.242026	5.670662	3.6547339999999995	15.862988	14.431284	1.311863	1.375132	1.255226
chr3	179280038	179282310	ENSG00000136518	*	10.353337	8.438324999999999	5.31154	6.170704	3.890772	16.937132000000002	15.272172	1.339137	1.3730799999999999	1.300593
chr4	71767208	71769723	ENSG00000173542	*	9.188001	7.099823	4.6187260000000006	5.22245	3.5795489999999996	14.752585999999999	13.666459	1.3536549999999998	1.410276	1.282089
chr4	77869869	77872457	ENSG00000138758	*	9.595186	7.082269999999999	4.4932560000000015	5.255433	3.248016	13.866412	12.779475	1.364833	1.361643	1.286367
chr4	79859325	79861441	ENSG00000163291	*	7.023572	5.614525	3.920225	4.6229239999999985	2.972184	12.793607000000002	11.399405999999999	1.336047	1.3354489999999999	1.325795
chr4	128702821	128704773	ENSG00000164070	*	8.040296999999999	6.564289	4.1603129999999995	5.080379	3.011364	11.617882	10.902312	1.058632	1.07293	1.2014129999999998
chr5	10759770	10761270	ENSG00000112977	*	9.128605	7.438594	5.025746	5.676031	3.8147349999999998	19.111578	17.304471	1.368859	1.458531	1.274432
chr5	32442814	32445301	ENSG00000056097	*	13.1457	10.647432	6.46908	7.556738	4.547246	22.169244	19.965244000000002	1.418735	1.493983	1.32149
chr5	52856000	52857613	ENSG00000164258	*	7.131336999999999	6.335426999999999	5.77763	6.11001	3.751039	16.540917	14.413732999999999	1.314082	1.391145	1.2980459999999998
chr5	74325925	74326253	ENSG00000176928	*	1.071978	1.140325	1.3418379999999999	1.037037	1.014432	1.286173	1.1787100000000001	1.1301459999999999	1.057556	1.1653639999999998
chr5	114879012	114881119	ENSG00000145780	*	10.699962	8.155363999999999	5.488383	5.809575	3.8655370000000002	17.929482999999998	15.899033	1.145351	1.2056799999999999	1.117271
chr5	131704566	131706518	ENSG00000197375	*	13.044112	10.191169	5.87299	7.296085000000001	4.291775	19.470485	18.147320999999998	1.047507	1.0600100000000001	1.072842
chr5	133701420	133701737	ENSG00000006837	*	1.164497	1.115638	1.268271	1.102511	1.082399	1.359207	1.265295	1.027147	1.03221	1.072501
chr5	133746063	133748357	ENSG00000237190	*	10.075186	7.617744999999999	5.920669	6.35164	4.057443	18.90774	17.578909	1.163937	1.18346	1.142443
chr5	138738911	138740466	ENSG00000170469	*	4.938089	4.289144	4.1472859999999985	3.82324	2.401563	7.552173	6.838583	1.213196	1.2467290000000002	1.246825
chr5	139681383	139683493	ENSG00000113068	*	7.255653	6.336144	6.010018	6.594683	3.987079	18.423323	16.702194	1.338746	1.4174950000000002	1.284773
chr5	142148991	142151380	ENSG00000145819	*	15.141282	12.189928	5.902744	7.793249	4.954873	22.987804999999998	20.870822	1.370483	1.388642	1.297971
chr5	145560800	145563178	ENSG00000133706	*	7.342834	6.931108999999999	5.3681209999999995	6.274953	3.556236	16.723236999999994	14.681509	1.266514	1.352558	1.2251670000000001
chr5	150079147	150081520	ENSG00000086589	*	9.603113	8.18896	6.125481	6.910296000000001	4.267078	20.593721	17.405801999999998	1.316152	1.4144370000000002	1.302434
chr5	167913008	167914918	ENSG00000113643	*	10.703389	9.276181	6.371134	7.263702	4.728512	22.625763	18.857178	1.166901	1.243983	1.141721
chr5	172410425	172411997	ENSG00000113732	*	10.885036	8.982839	6.835781	7.298767999999999	4.675441	22.027221	20.681176999999998	1.2085190000000001	1.2186709999999998	1.159619
chr5	175787464	175787540	ENSG00000122203	*	2.127964	1.59227	1.689252	1.455342	1.292714	2.095716	2.2134099999999997	1.058002	1.0708790000000001	1.051073
chr5	177657988	177660449	ENSG00000175309	*	14.856048999999999	11.465953	6.425788	7.457545	4.734445	23.747239	20.871579999999998	1.189558	1.1849	1.157141
chr6	15661953	15663773	ENSG00000047579	*	11.686331	8.660472	4.886811	6.083491	3.628885	18.322513	15.710694	1.354458	1.379969	1.338259
chr6	24717944	24718085	ENSG00000112308	*	1.1060709999999998	1.130846	1.205249	1.037627	1.040662	1.207351	1.303186	1.225282	1.268993	1.2086379999999999
chr6	28248743	28250242	ENSG00000137338	*	7.925803999999999	6.951417999999999	4.960051	6.402862	3.697543	14.099770999999999	13.078161999999999	1.327189	1.282016	1.286335
chr6	29690664	29691898	ENSG00000204642	*	8.967516	6.464416	4.216629	5.155558999999999	3.010375	12.858725	11.992977999999999	1.403375	1.45824	1.275313
chr6	31618704	31618990	ENSG00000204463	*	1.316168	1.355977	1.234035	1.2386270000000001	1.1700979999999999	1.788056	1.342678	1.147218	1.157529	1.191077
chr6	33175321	33177595	ENSG00000204227	*	12.195025999999999	8.973309	5.623991	6.199414	3.991911	17.753406	15.615609	1.261926	1.293826	1.215162
chr6	33384469	33386948	ENSG00000112514	*	7.743545	6.6361229999999995	4.98827	5.260517	3.369654	12.817975	11.575589	1.293194	1.372418	1.2329290000000002
chr6	37321331	37323529	ENSG00000112130	*	11.830196	9.201184	5.856475	6.447891	4.219886	19.244674	16.8129	1.3679629999999998	1.432027	1.397569
chr6	39759691	39760673	ENSG00000146122	*	10.453054	8.040500999999999	6.000365	7.034109	3.720918	15.313194000000001	15.571339000000002	1.081032	1.116293	1.189157
chr6	41167523	41170002	ENSG00000112195	*	2.1575919999999997	2.1156360000000003	2.109855	1.699272	1.245257	1.713281	1.6566109999999998	1.061806	1.09646	1.134594
chr6	42846651	42848930	ENSG00000146223	*	10.667339	9.727019	8.276328	8.687114999999999	5.258114	24.880095	23.169184	1.435533	1.472466	1.382923
chr6	43654135	43656140	ENSG00000096080	*	8.957809000000003	7.546671000000001	6.800403	7.043128	4.352266	18.630244	16.909765999999998	1.386126	1.3815709999999999	1.322994
chr6	43967358	43969796	ENSG00000181577	*	2.707287	2.66891	2.129614	2.120025	1.4598280000000001	2.779795	2.974132	1.049975	1.0902290000000001	1.174963
chr6	44186968	44187658	ENSG00000112759	*	2.6684270000000003	2.702003	1.7219209999999998	2.311684	1.435298	1.961041	2.44716	1.055854	1.101774	1.0916350000000001
chr6	52535238	52536764	ENSG00000096092	*	8.232106	7.116277	4.9128690000000015	5.864896	3.384776	11.832821000000001	10.923300999999999	1.23545	1.262216	1.2469299999999999
chr6	71276187	71277437	ENSG00000154079	*	11.346011	9.227867999999999	5.936373000000001	6.783736	4.247104	19.243331	17.547895	1.2427860000000002	1.285481	1.2440870000000002
chr6	105849590	105851833	ENSG00000085377	*	14.221717000000002	10.459327	6.622058999999999	7.623075999999999	5.148961	23.381946	20.636154	1.353652	1.41419	1.268434
chr6	107779551	107781698	ENSG00000164494	*	12.693662	10.623864999999999	6.837222	8.629883	4.732503	22.166462	19.439792999999998	1.4304940000000002	1.446703	1.273205
chr6	122720229	122722292	ENSG00000025156	*	10.146486	7.311109	5.245125	5.684775	3.8328519999999995	17.414793	15.160078	1.268228	1.336684	1.225013
chr6	137538935	137541204	ENSG00000027697	*	8.755288	7.401517	5.428683	5.839508	3.8145269999999996	16.245613	14.772337	1.266139	1.3260809999999998	1.210594
chr6	138724072	138726537	ENSG00000051620	*	12.078778999999999	9.505059	5.385664	6.567139999999999	3.991022	17.14594	15.531849	1.313071	1.359365	1.21981
chr6	149968191	149970478	ENSG00000186625	*	8.596504	7.6854960000000005	5.411392	5.908217	3.680681	15.708457999999998	14.927353	1.286416	1.324735	1.340917
chr6	150262416	150263997	ENSG00000131015	*	11.950903	9.803072	6.3411029999999995	6.602606	4.451862	18.004469	15.950135999999999	1.309993	1.2711059999999998	1.343425
chr6	159464198	159466717	ENSG00000164691	*	2.13457	2.1480759999999997	3.102693	2.842028	1.8053869999999999	5.067455000000001	5.64835	1.121372	1.153007	1.153198
chr6	170614857	170617271	ENSG00000112584	*	12.972126	10.320603	6.620972	7.454982000000001	4.769813	19.541578	17.768585	1.403074	1.3526049999999998	1.2924309999999999
chr7	2558560	2559225	ENSG00000106003	*	8.925895	6.055539	3.6518610000000002	4.9720629999999995	2.523593	8.016669	8.100783999999999	1.1786370000000002	1.243198	1.2019870000000001
chr7	6097358	6099307	ENSG00000086232	*	11.050673	8.891368	6.005873	7.050741	4.278397	21.103117	18.663345	1.372408	1.398941	1.306437
chr7	23569776	23572085	ENSG00000164548	*	11.575787	9.287891	6.8211580000000005	7.345536	4.534601	23.107854	20.068162	1.366081	1.460696	1.355121
chr7	30028111	30030030	ENSG00000136193	*	12.181527	8.518149000000001	4.884365	6.540498	3.959247	18.354533	17.256213	1.232709	1.286298	1.181137
chr7	44240325	44242109	ENSG00000106636	*	8.749473	6.8484169999999995	5.933125	5.809245	4.038946	18.100008	15.839969	1.3380100000000001	1.343648	1.235067
chr7	56031768	56033352	ENSG00000146729	*	11.361692999999999	8.827724	5.426711	6.579567	4.0091019999999995	20.853107	18.62988	1.320303	1.32536	1.258589
chr7	72349651	72351275	ENSG00000196313	*	11.349803	9.768114	6.014759	6.718845	3.7997330000000002	18.262185000000002	15.582961	1.267107	1.251293	1.170421
chr7	72721478	72723512	ENSG00000130305	*	7.776892999999999	6.124485	4.254913	4.452312999999999	3.2297439999999997	14.746459	12.45748	1.208835	1.258843	1.1788809999999998
chr7	73667321	73669790	ENSG00000049541	*	11.078064999999999	9.343359	6.450804	6.826041	4.407292	21.130187	17.149666	1.307942	1.363791	1.285772
chr7	74488916	74490246	ENSG00000174374	*	8.109952999999999	6.351709	3.558379	4.243061	2.971308	12.23483	10.145823	1.405941	1.431681	1.295224
chr7	75507756	75510095	ENSG00000005486	*	6.597311	6.094074	4.1877390000000005	4.636915	2.979005	11.683438	10.949005	1.287815	1.260139	1.211191
chr7	75675895	75676105	ENSG00000127952	*	1.4488729999999999	1.321978	1.465782	1.150723	1.113076	1.321115	1.3889129999999998	1.116918	1.1177629999999998	1.186051
chr7	91508627	91510905	ENSG00000127989	*	3.189987	2.957119	3.36216	3.38501	2.1038810000000003	7.395621	6.983408	1.148128	1.1794280000000001	1.201915
chr7	99685629	99687603	ENSG00000168090	*	9.75901	7.930771000000001	5.6349730000000005	5.934812	3.7066510000000004	15.957642000000002	14.777865	1.335418	1.363797	1.328144
chr7	99745773	99747576	ENSG00000188186	*	9.912614999999999	8.230224	5.320386	5.672966000000001	3.734695	16.184044	14.311763000000001	1.28013	1.2811139999999999	1.28777
chr7	101929321	101931409	ENSG00000160999	*	11.496469	9.064459	4.853446	6.031869	3.4042519999999996	14.441104999999999	13.400101999999999	1.2159229999999999	1.214963	1.154515
chr7	106505225	106507095	ENSG00000105851	*	2.392736	2.71195	3.226727	3.464443	2.217918	7.442831	6.972705	1.28825	1.374484	1.2542719999999998
chr7	106685222	106686007	ENSG00000005249	*	14.473101999999999	10.091474	5.907655999999999	7.03326	4.0664630000000015	19.501755	16.633643	1.234178	1.305928	1.179178
chr7	128044561	128046926	ENSG00000106348	*	10.510728	7.443252	4.667356	5.149451	3.3175809999999997	14.514812	12.499725999999999	1.2425899999999999	1.355065	1.221438
chr7	128378578	128380810	ENSG00000128595	*	10.098578	8.262426	5.848338	6.692792	4.12628	18.585345	16.605102000000002	1.353594	1.419808	1.262504
chr7	128693501	128696010	ENSG00000064419	*	9.299096	8.356749	6.3969629999999995	6.970337	4.349334	20.657553	17.235077	1.407351	1.417463	1.339658
chr7	134330158	134332623	ENSG00000172331	*	4.7772039999999985	4.423814	4.445743	5.170069	3.082953	12.952551	11.536444	1.28739	1.286743	1.248817
chr7	135242174	135244212	ENSG00000155561	*	8.208859	7.638686	5.674182	6.438366	3.8672190000000004	17.974313000000002	15.828269	1.305442	1.398111	1.2788709999999999
chr7	138915256	138917768	ENSG00000157741	*	13.074937	10.853561000000001	5.974964	7.003744999999999	4.611294	21.986878	19.177259	1.397278	1.449141	1.292978
chr7	140177476	140179890	ENSG00000133606	*	12.794849000000001	10.248194	6.268685	7.280993	4.458097	21.397743	19.572385999999998	1.369902	1.381401	1.2337
chr7	142984681	142987186	ENSG00000106144	*	7.806119	6.588344	4.840382	5.617468	3.530893	15.845689000000002	13.860406	1.34086	1.442029	1.337183
chr8	23100716	23102392	ENSG00000147457	*	1.538975	1.412424	1.838963	1.5638990000000002	1.182901	1.564481	1.573734	1.111492	1.139316	1.118175
chr8	25041300	25043035	ENSG00000147459	*	12.486674	9.654573	5.472662000000001	6.87012	3.8448480000000003	18.054773	14.722458	1.409925	1.4677639999999998	1.345882
chr8	41434825	41437173	ENSG00000158669	*	10.30874	8.089352	5.617318	6.266334	3.9631339999999997	17.776626999999998	16.334989999999998	1.2526979999999999	1.275243	1.203117
chr8	42195147	42197100	ENSG00000070501	*	10.875046000000001	9.313258	6.925986	7.313389	4.6582360000000005	21.945882	19.126652	1.286779	1.291569	1.328273
chr8	66555754	66558243	ENSG00000066855	*	10.723716	9.421497	5.962052	6.7634240000000005	4.321955	19.328495999999998	18.119145	1.309479	1.382048	1.263018
chr8	73920192	73922733	ENSG00000147601	*	6.319447	5.346668	4.186318	4.4084629999999985	3.0485900000000004	12.657789999999999	11.262227000000001	1.255834	1.242658	1.196955
chr8	94928008	94930578	ENSG00000164951	*	12.410675999999999	9.289783	5.745804	6.405362	4.334774	20.114725	17.996495	1.338671	1.376467	1.269434
chr8	95730940	95733126	ENSG00000156162	*	11.599352	9.160413	6.457876000000001	7.4343710000000005	4.4865770000000005	22.558717	20.270291	1.37048	1.415738	1.321203
chr8	98787231	98789360	ENSG00000104341	*	10.81995	8.467586	5.86104	6.354144	3.859511	17.404976	15.404383	1.2277129999999998	1.249984	1.199302
chr8	109454769	109457184	ENSG00000104412	*	6.473409999999999	5.543568	4.819918	5.059411	3.1740909999999998	13.603154	12.804011000000001	1.252217	1.2877530000000001	1.216684
chr8	127569807	127571180	ENSG00000168672	*	15.099557	10.837048	6.191015	6.998556	4.571095	23.580929	19.769849	1.0718729999999999	1.1003319999999999	1.1016620000000001
chr8	143808080	143810205	ENSG00000130193	*	10.404682000000001	8.000634	4.783041000000001	5.289827	3.3515900000000003	14.956238	13.059185000000001	1.337933	1.389521	1.292858
chr8	144099264	144101058	ENSG00000160932	*	14.745598999999999	10.187573	5.868589	6.726299000000001	4.302173000000001	19.289306	18.671670000000002	1.201217	1.239696	1.2176719999999999
chr8	144677849	144679896	ENSG00000104529	*	14.52253	10.986369999999999	6.954034	7.536225999999999	4.6413639999999985	19.110479	19.01932	1.40049	1.452593	1.330389
chr8	145741987	145743220	ENSG00000160957	*	16.233923	11.824261	6.062259	7.150672999999999	4.965004	23.573641000000002	20.676064	1.363889	1.393237	1.208848
chr9	32571814	32573814	ENSG00000165264	*	6.6322410000000005	5.838988	5.114992	5.085227	3.349886	14.572192999999999	11.907691999999999	1.326398	1.356607	1.273444
chr9	36572214	36574809	ENSG00000165304	*	7.798947	7.20325	4.940485	5.805942	3.6617580000000003	15.927133999999999	14.154829999999999	1.3894360000000001	1.454496	1.282741
chr9	92093177	92093557	ENSG00000187764	*	1.6457130000000002	1.481442	1.613733	1.218469	1.100518	1.090516	1.337494	1.108882	1.0552860000000002	1.116527
chr9	94122516	94124847	ENSG00000148090	*	7.44902	6.5556339999999995	4.646947	5.276873999999999	3.40785	15.485539000000001	14.559949	1.3791870000000002	1.3505280000000002	1.377492
chr9	96791988	96794497	ENSG00000158079	*	7.525764	6.129134	4.0204	4.6283340000000015	2.984296	12.971445	11.93384	1.280949	1.336073	1.26139
chr9	107508991	107511492	ENSG00000136783	*	8.115018	6.602651	4.429501	5.391471	3.500455	13.763801	13.286726000000002	1.405972	1.454592	1.368823
chr9	108005817	108008287	ENSG00000070214	*	8.701596	6.878513000000001	4.038079	5.018337	3.249128	13.510367	12.472764	1.344653	1.358529	1.252904
chr9	116111536	116113883	ENSG00000119411	*	5.26854	4.5321419999999994	2.951623	3.595583	2.454731	8.610493	8.064376	1.0640459999999998	1.076096	1.149519
chr9	116917417	116919056	ENSG00000196739	*	9.632808	7.017228	4.4218899999999985	5.556341000000001	3.081025	13.883712	11.244798	1.119991	1.159686	1.074973
chr9	133568470	133571069	ENSG00000130713	*	5.1335440000000006	4.8277779999999995	3.802092	4.4059099999999995	2.9257	11.305691	10.453387	1.146825	1.178021	1.131052
chr9	139580394	139582361	ENSG00000169692	*	10.732697	7.348302	4.393604	5.0980419999999995	3.343253	14.028872	12.923152	1.366306	1.387262	1.320276
chr9	139963251	139965850	ENSG00000186193	*	10.306767	8.14193	4.616976	4.9374150000000006	3.541879	14.904137	13.188163000000001	1.297085	1.362185	1.2681959999999999
chr9	140008089	140010070	ENSG00000176978	*	9.496763	6.65498	3.6901059999999997	4.598378	2.9085240000000003	11.631912	11.807537	1.161934	1.217329	1.15804
chr9	140483364	140484906	ENSG00000165724	*	10.908195	7.676974	5.237667	5.47532	3.531128	18.879018	13.857788000000001	1.304118	1.457253	1.2929899999999999
chrX	47091713	47094087	ENSG00000102226	*	4.397862	3.923618	2.9519	3.283296	2.250995	8.439518	7.047183	1.2165549999999998	1.180052	1.146485
chrX	48398021	48399120	ENSG00000068354	*	6.8594919999999995	5.788449	3.8614839999999995	4.178349	2.731752	10.59828	9.46031	1.149737	1.1565379999999998	1.094757
chrX	48554129	48556361	ENSG00000101945	*	6.721943	5.6492059999999995	3.294147	3.779178	2.719288	11.354805	9.799338	1.172978	1.193383	1.171456
chrX	51486003	51487760	ENSG00000189369	*	4.3813960000000005	3.502906	2.815111	3.098096	2.133035	9.155738000000001	8.000906	1.1537629999999999	1.237399	1.170369
chrX	51545835	51547263	ENSG00000179222	*	3.073818	2.473354	2.301735	2.661689	1.7828580000000003	5.969421	5.646229	1.1509989999999999	1.125034	1.168311
chrX	54466376	54468617	ENSG00000158526	*	4.509229	3.8740330000000003	2.9163110000000003	3.243144	2.352071	8.460696	8.21247	1.152642	1.210241	1.135305
chrX	100074560	100076464	ENSG00000101811	*	4.896294	4.655532	4.017169	4.5495589999999995	2.861802	11.522352	9.909464	1.1599030000000001	1.240302	1.156652
chrX	101409398	101411312	ENSG00000184515	*	2.573045	2.078676	1.9415080000000002	1.852428	1.5107549999999998	4.3696990000000016	4.0472220000000005	1.027095	1.041756	1.0721530000000001
chrX	101771374	101771494	ENSG00000158164	*	3.924357	2.907718	1.7329330000000003	2.1153500000000003	1.436385	5.2632900000000005	4.154858	1.2063620000000002	1.233428	1.051073
chrX	102630907	102632692	ENSG00000166681	*	6.240246	4.915334	3.400783	3.751586	2.54854	10.990347	9.762106	1.195685	1.193291	1.130615
chrX	118369671	118371881	ENSG00000101856	*	7.8008169999999994	6.469941	3.699925	4.331538	2.9653020000000003	13.473471	11.334028	1.2273379999999998	1.212115	1.192598
chrX	118738795	118741051	ENSG00000186416	*	5.948494999999999	5.226132	3.579049	3.998507	2.6054	10.756114	9.441481	1.177905	1.196741	1.120166
chrX	119384056	119386296	ENSG00000177485	*	5.798401	4.613368	3.386678	3.916303	2.637768	10.071278999999999	8.652721000000001	1.233069	1.232656	1.144326
chrX	122865206	122867357	ENSG00000125676	*	6.5977570000000005	5.602266	4.273254	4.802762	2.9486209999999997	13.907337	11.111257	1.20443	1.256614	1.160461
chrX	128673886	128675213	ENSG00000122126	*	6.287021	4.948755	3.305565	3.8138980000000005	2.4972990000000004	9.893181	8.610686999999999	1.1712	1.181418	1.127009
chrX	153283451	153285280	ENSG00000184216	*	7.7628960000000005	5.992357	3.731175	4.165546	2.8777169999999996	11.077977	10.265267999999999	1.219465	1.288042	1.200466
chrX	153607539	153609395	ENSG00000102119	*	7.098063000000001	5.558858	3.224708	3.9007199999999997	2.762845	11.157117	10.510876	1.115515	1.264974	1.115162
chrX	153717701	153719946	ENSG00000126903	*	5.750575	4.820882	3.2440279999999997	3.42141	2.358763	8.021235	7.676672999999999	1.1223610000000002	1.1248049999999998	1.13172
chrY	2708975	2711020	ENSG00000129824	*	2.744725	2.641497	2.296575	2.5555790000000003	1.8659150000000002	6.492908	6.363233	1.0	1.0	1.0
