chrom	start	end	name	strand	Jurkat_DMSO_H3K4me3	Jurkat_OCIR_H3K4me3	Jurkat_PM_H3K4me3	Jurkat_RY_H3K4me3	Jurkat_DMSO_24H_H3K4me3	Jurkat_PBIT_5H_H3K4me3	Jurkat_PBIT_24H_H3K4me3	Loucy_DMSO_24H_H3K4me3	Loucy_PBIT_5H_H3K4me3	Loucy_PBIT_24H_H3K4me3
chr1	1819692	1824249	ENSG00000078369	*	11.48015	8.866161	4.9332600000000015	5.696765	3.910503	19.714261999999998	16.82219	1.351104	1.400392	1.2944229999999999
chr1	8934800	8940723	ENSG00000074800	*	9.031989	7.416136999999999	5.250035	5.323962	3.3348519999999997	15.895723	14.191754000000001	1.405881	1.461748	1.287898
chr1	17763142	17767284	ENSG00000179051	*	10.612105	8.612433	5.528036	6.342219	3.9135989999999996	19.84378	17.331945	1.395528	1.470805	1.247744
chr1	27018508	27026340	ENSG00000117713	*	9.380545	7.1991309999999995	4.66464	5.199791	3.309582	14.872935	13.58504	1.357581	1.416009	1.299316
chr1	27112236	27116386	ENSG00000060642	*	7.2672229999999995	6.23799	4.575817	4.9012199999999995	3.006681	11.892417	11.094744	1.290912	1.39847	1.258269
chr1	28831397	28837000	ENSG00000180198	*	7.327175	6.56791	6.004412	6.394769	3.752407	18.988259	16.626967999999998	1.383737	1.400993	1.339197
chr1	32395851	32405805	ENSG00000184007	*	3.965289	3.2479009999999997	2.981675	2.7816389999999998	1.964593	6.2555760000000005	5.885119	1.186221	1.210756	1.216334
chr1	32715257	32719473	ENSG00000182866	*	2.9197420000000003	2.670096	2.409608	1.997675	1.5006270000000002	2.7738370000000003	2.953191	1.209465	1.221043	1.191657
chr1	32737831	32742269	ENSG00000182866	*	6.942711999999999	5.780406	3.9009970000000003	4.1374499999999985	2.74125	10.426397	9.997436	1.0987870000000002	1.12432	1.135024
chr1	42381474	42386136	ENSG00000127124	*	4.635551	3.9292540000000002	3.332068	3.736733	2.188574	6.8279119999999995	7.063874	1.1792719999999999	1.209182	1.1907290000000001
chr1	43146441	43150640	ENSG00000065978	*	9.199910000000001	7.450872	5.467262	6.099593	3.738857	18.592568	17.002369	1.328934	1.453562	1.287402
chr1	46595519	46599839	ENSG00000117461	*	7.801839999999999	6.735422	5.495936	5.854508999999999	3.525935	15.264477	14.749079	1.374332	1.385833	1.319194
chr1	47688798	47699151	ENSG00000162367	*	4.3016760000000005	3.854132	2.947029	2.978934	2.011473	6.028102	6.09845	1.044075	1.06673	1.12732
chr1	51433041	51437868	ENSG00000123080	*	8.9214	7.429956	5.209669	5.873448000000001	3.530595	16.216254	14.211642000000001	1.465005	1.499982	1.348432
chr1	53790753	53795264	ENSG00000157193	*	13.582498999999999	10.409471	6.218108999999999	7.213918	4.3025400000000005	20.367663	17.395248000000002	1.317307	1.350266	1.244586
chr1	54869365	54873882	ENSG00000157216	*	8.477081	6.741747	3.9436970000000002	4.3103940000000005	3.020308	13.421142999999999	11.594941	1.294508	1.334107	1.1962409999999999
chr1	62900959	62905464	ENSG00000162607	*	10.317929	8.091384	6.009135	6.5183349999999995	4.054924	20.351128	17.707752	1.35996	1.420384	1.366829
chr1	67893227	67897799	ENSG00000142864	*	9.176587	7.927217	5.496832	6.137982	3.5518589999999994	17.666091	15.322729	1.386477	1.505809	1.326857
chr1	87793318	87798123	ENSG00000143013	*	8.705935	7.060344000000001	5.067182	5.671536	3.455106	13.687626000000002	12.819229	1.150708	1.164137	1.215537
chr1	92948704	92953434	ENSG00000162676	*	9.977528999999999	7.790108	5.085015	6.092896	3.418218	13.484773	13.42467	1.380842	1.416657	1.2959200000000002
chr1	114471109	114475996	ENSG00000163349	*	7.803411	6.659478	4.756408	5.298896	3.3317550000000002	14.454035000000001	13.273654999999998	1.2923799999999999	1.3320040000000002	1.297878
chr1	115296709	115301366	ENSG00000009307	*	5.919373	5.1493660000000006	4.536143	4.383303	2.8535939999999997	11.665788000000001	10.76348	1.272458	1.363029	1.2607709999999999
chr1	116183825	116187999	ENSG00000173218	*	7.991557000000001	6.306353	4.26657	4.764081	3.166958	13.746209	12.259744	1.264071	1.3036809999999999	1.241317
chr1	117296561	117301372	ENSG00000116824	*	1.215848	1.210313	1.413349	1.147383	1.0913700000000002	1.3897760000000001	1.3281120000000002	1.049239	1.057852	1.123791
chr1	118147752	118152965	ENSG00000183508	*	5.662648	4.89456	3.409098	3.519108	2.510659	8.098421	7.674736	1.320178	1.337602	1.277134
chr1	150335407	150339671	ENSG00000163125	*	7.176842999999999	6.65424	6.074990000000001	6.596555	3.7849180000000002	17.601876	15.809979	1.3701530000000002	1.4624620000000002	1.286003
chr1	154971432	154975992	ENSG00000160685	*	6.112121	4.754645	3.5811870000000003	3.557175	2.309957	5.822223999999999	5.898337000000001	1.2242600000000001	1.217352	1.186909
chr1	155943954	155950368	ENSG00000116584	*	7.198842999999999	6.119073	4.19025	4.088547	2.8351	11.281642999999999	10.150250999999999	1.431601	1.450573	1.3237
chr1	158322701	158328040	ENSG00000158488	*	1.151334	1.0990540000000002	1.236322	1.096831	1.041372	1.243082	1.188461	1.075159	1.081212	1.192114
chr1	158978425	158984350	ENSG00000163565	*	1.635409	1.751146	2.322064	2.145622	1.51244	3.6807160000000003	3.6253089999999997	1.282827	1.336288	1.217652
chr1	160676901	160682289	ENSG00000117091	*	1.356739	1.39808	1.629752	1.343983	1.157459	1.5380200000000002	1.533356	1.132257	1.187327	1.178926
chr1	167596834	167602434	ENSG00000198771	*	3.8330949999999997	3.4975940000000003	2.934345	2.95857	1.951988	6.266071	6.2814239999999995	1.352884	1.3514629999999999	1.2958399999999999
chr1	173834589	173840442	ENSG00000185278	*	6.294099	5.383463	4.276262	4.678105	2.844558	12.182032000000001	11.200059	1.3224120000000001	1.325289	1.292851
chr1	185284017	185288288	ENSG00000116679	*	8.312124	6.699261	4.529269	5.043337	3.24595	14.707310000000001	13.067683	1.34336	1.412871	1.2510709999999998
chr1	198125292	198129984	ENSG00000151414	*	9.248586999999999	7.796966	5.8982589999999995	6.322243	3.838404	17.438202	15.771282999999999	1.422204	1.484241	1.359056
chr1	198606612	198612235	ENSG00000081237	*	1.426954	1.624954	2.4115860000000002	2.123435	1.490584	2.807706	2.997585	1.307842	1.3666989999999999	1.284538
chr1	202126978	202132667	ENSG00000143851	*	5.543023000000001	4.337753	3.259265	3.306139	2.2574349999999996	5.9238230000000005	5.874583	1.387773	1.483762	1.328136
chr1	203594614	203599886	ENSG00000058668	*	7.480614999999999	6.164139	4.884131	4.914019000000001	3.148148	10.861129	11.015715	1.3864040000000002	1.417897	1.287876
chr1	204376467	204381789	ENSG00000158615	*	6.003635	5.12885	3.977101	3.845357	2.580734	9.247386	8.251331	1.459149	1.541087	1.3447559999999998
chr1	206729779	206734367	ENSG00000136653	*	5.185258	4.432225	3.7471089999999996	3.618094	2.463542	7.647891	7.535505000000001	1.347305	1.388112	1.278218
chr1	226248807	226253324	ENSG00000163041	*	8.686517	7.055435000000001	4.861428	5.3685529999999995	3.6080059999999996	16.709073	14.822341	1.505902	1.533385	1.413456
chr1	228268732	228273025	ENSG00000143761	*	14.844647	11.568785	6.609436	7.534231	5.00725	25.52047	22.719428	1.3710120000000001	1.441298	1.311743
chr1	228326711	228332283	ENSG00000143774	*	8.403508	6.778103	4.534179	4.607029	3.064279	12.041825	10.97063	1.226091	1.253608	1.23189
chr1	230201870	230206756	ENSG00000143641	*	8.550374	6.924144999999999	4.595863	5.0302690000000005	3.3532550000000003	15.864507999999999	14.24876	1.3085	1.3525989999999999	1.2118799999999998
chr1	234739306	234749485	ENSG00000168264	*	5.302361	4.475886	3.3923330000000003	3.448921	2.168708	7.167853	7.078886	1.333423	1.352881	1.2405979999999999
chr1	245024550	245028867	ENSG00000153187	*	10.625314	8.180208	5.451423999999999	6.2336279999999995	3.8689440000000004	19.396785	17.369185	1.421285	1.453671	1.333435
chr10	6242205	6246629	ENSG00000170525	*	9.866184	7.532064	4.587947	5.3021139999999995	2.935589	10.247414	10.105897	1.283034	1.3166069999999999	1.2359229999999999
chr10	6618148	6624178	ENSG00000065675	*	4.999113	4.4132060000000015	3.42193	3.62932	2.295989	7.640608	7.407361	1.313239	1.372878	1.311468
chr10	8095073	8100493	ENSG00000107485	*	9.520439	8.027686	5.530627	5.943132	3.6956059999999997	14.548997	14.520006	1.439219	1.4469049999999999	1.33921
chr10	11204778	11209871	ENSG00000048740	*	3.02583	2.644297	2.622035	2.2546980000000003	1.574077	2.867292	3.2784949999999995	1.338897	1.400244	1.29331
chr10	13387895	13392281	ENSG00000086475	*	9.035717	7.5535190000000005	5.704377	6.194632	3.692947	16.908907	15.683301	1.361538	1.397786	1.3087540000000002
chr10	17268937	17273375	ENSG00000026025	*	9.658558	8.093383	4.9335520000000015	5.573497	3.4549019999999997	13.826286999999999	13.176096	1.398512	1.441881	1.295194
chr10	17684666	17688957	ENSG00000136738	*	6.287528	6.158481	6.250135	6.539969	3.9071480000000003	19.312226000000003	17.11816	1.341019	1.3886120000000002	1.328647
chr10	26726131	26731600	ENSG00000077420	*	3.206041	2.729886	2.4335970000000002	2.746656	1.798618	4.978073	4.759642	1.086811	1.112322	1.1773870000000002
chr10	27528719	27532979	ENSG00000107897	*	8.849502000000003	7.427778999999999	5.582523999999999	6.318401000000001	3.732104	17.173014000000002	15.579560999999998	1.338327	1.405741	1.277616
chr10	31606710	31610931	ENSG00000148516	*	14.292829999999999	10.903846000000001	6.523661	7.517616	4.7275589999999985	22.734184	20.332548000000003	1.451631	1.441789	1.320195
chr10	43890203	43894388	ENSG00000169813	*	6.4670510000000005	5.532389	3.8340919999999996	3.804795	2.6049230000000003	10.291622	9.602135	1.309569	1.352398	1.1891100000000001
chr10	43900300	43905939	ENSG00000169813	*	10.041832000000001	8.642064000000001	5.4135349999999995	6.010121	3.786922	17.635943	16.346134	1.376479	1.467899	1.301909
chr10	52381518	52385836	ENSG00000198964	*	13.057037	10.318641	5.625341000000001	6.792789999999999	4.3343310000000015	19.035472	17.557714999999998	1.34562	1.39551	1.275614
chr10	61663960	61668502	ENSG00000108091	*	8.818273999999997	6.951467999999999	4.887499	5.1725129999999995	3.474368	14.801306	13.588645000000001	1.266718	1.315346	1.262561
chr10	63656339	63665205	ENSG00000150347	*	4.421149	4.1344910000000015	4.181842	4.3595799999999985	2.616821	9.422667	8.892696	1.274431	1.318568	1.2398799999999999
chr10	65024606	65029675	ENSG00000171988	*	2.121843	2.198728	2.9052729999999998	2.6636800000000003	1.760377	4.834872	4.9543789999999985	1.283042	1.295304	1.260462
chr10	93556141	93560364	ENSG00000107854	*	6.26276	5.547218	4.0499170000000015	4.582025	2.948801	12.375867	11.293331	1.332929	1.352625	1.236183
chr10	94350505	94354836	ENSG00000138160	*	7.078722	6.462144	5.269757	5.947684	3.6127160000000003	16.136031	14.659096	1.390893	1.429053	1.268973
chr10	98063636	98070185	ENSG00000107447	*	1.401733	1.333593	1.559289	1.378283	1.160181	1.627459	1.6757490000000002	1.065177	1.066835	1.167646
chr10	101943395	101947885	ENSG00000107566	*	6.741585000000001	6.282948	4.950093	5.4077589999999995	3.4593059999999998	15.461641	14.162467000000001	1.319491	1.379307	1.302001
chr10	102105449	102110186	ENSG00000099194	*	7.518785	6.229838	4.3204769999999995	4.614723000000001	3.097544	12.795716	12.080017999999999	1.370049	1.387896	1.34372
chr10	103876602	103881497	ENSG00000198728	*	6.296998	5.260708	3.416462	3.6227160000000005	2.3271490000000004	8.837252000000001	7.927206	1.264568	1.311013	1.255521
chr10	104401488	104406898	ENSG00000171206	*	12.205644	9.542391	5.9980459999999995	6.8571800000000005	4.161772	17.500988	17.064942000000002	1.4489100000000001	1.5105650000000002	1.352223
chr10	111967008	111972336	ENSG00000119950	*	8.165225999999999	6.8460600000000005	4.852229	5.317129	3.057286	10.599046000000001	10.33608	1.296036	1.354534	1.228313
chr10	120965527	120969861	ENSG00000198873	*	8.192436	6.254013	4.260408	4.601806	3.017261	11.791352	10.953315	1.282035	1.306633	1.192213
chr10	124133499	124139298	ENSG00000107679	*	5.176519	4.1485449999999995	2.9285620000000003	3.228273	2.248526	8.358167	7.676599	1.056433	1.07892	1.162352
chr11	3009018	3014695	ENSG00000205531	*	7.700935	6.440418	4.8934510000000015	5.035018	3.25963	14.542720999999998	12.637539	1.335234	1.391216	1.316504
chr11	3858176	3863452	ENSG00000177105	*	6.747578	5.678977	3.9851620000000003	4.1072950000000015	2.750423	10.790171	10.209076	1.2723209999999998	1.308296	1.256816
chr11	3875194	3882469	ENSG00000167323	*	4.121734	3.606156	2.637255	2.648352	1.8793240000000002	5.8264830000000005	5.597118	1.271602	1.307164	1.240586
chr11	17297181	17302663	ENSG00000070081	*	5.255664	4.451073	3.6674269999999995	3.724188	2.3564849999999997	8.266221	7.752828999999999	1.329046	1.387274	1.272069
chr11	44586309	44591851	ENSG00000085117	*	3.599082	3.024766	2.323461	2.331084	1.711007	3.705508	3.4214589999999996	1.322003	1.375672	1.235182
chr11	57099635	57104295	ENSG00000149136	*	5.377831	4.579242	3.505119	3.5753269999999997	2.382211	8.934398999999997	8.201526000000001	1.22809	1.243278	1.250268
chr11	58909399	58913663	ENSG00000166801	*	6.543476	5.644151	4.847571	4.914033	3.154557	11.521281	10.830724	1.379795	1.386519	1.281404
chr11	62605436	62610325	ENSG00000133316	*	7.711842	6.473578	4.516358	4.289364	3.1428119999999997	14.321245999999999	13.101621000000002	1.293765	1.306802	1.21642
chr11	62620843	62625438	ENSG00000168003	*	6.779086	6.319857	5.924486	6.468632	3.696513	17.320022	15.635803	1.359473	1.404082	1.273626
chr11	65654251	65659252	ENSG00000172500	*	9.604632	7.70481	4.8064290000000005	5.573499	3.4219459999999997	13.775578	12.956171000000001	1.307586	1.387009	1.269692
chr11	67033314	67040190	ENSG00000173020	*	5.964047	4.703674	3.544525	3.095944	2.242097	7.6570100000000005	6.927817999999999	1.337998	1.368756	1.291151
chr11	72523585	72528298	ENSG00000168010	*	10.13601	8.397148999999999	5.414098	5.731776	3.6553459999999998	14.272789999999999	13.025565	1.369815	1.450433	1.354703
chr11	73690878	73695618	ENSG00000175567	*	5.954596	5.337431	3.8884160000000003	4.056498	2.532924	9.34784	9.075639	1.318289	1.32606	1.26504
chr11	128384209	128393809	ENSG00000134954	*	3.507544	3.203974	3.020384	2.775294	1.9382979999999999	5.271512	5.161716	1.312575	1.381484	1.311832
chr11	134142479	134147396	ENSG00000166105	*	4.242408999999999	3.557928	3.183734	3.077973	2.021558	6.156837	6.239934	1.1448129999999999	1.177075	1.162785
chr12	859310	864810	ENSG00000060237	*	8.594714999999999	6.835732000000001	4.7575090000000015	5.368885	3.2183770000000003	12.711575	12.172004	1.408963	1.427517	1.383604
chr12	4377837	4383375	ENSG00000118971	*	6.455228	5.489491	3.6873980000000004	4.220699	2.420753	8.258723	8.170269000000001	1.2088809999999999	1.246075	1.169809
chr12	6444177	6451973	ENSG00000067182	*	5.323494	4.787369	3.5218599999999998	3.3343849999999997	2.347897	8.336647	7.505812	1.3541809999999999	1.37596	1.2888540000000002
chr12	6711974	6717585	ENSG00000111642	*	6.436521	5.130568	3.637854	3.535328	2.517444	9.519216	8.751130999999999	1.322711	1.344263	1.282844
chr12	9909924	9914933	ENSG00000110848	*	1.91712	2.0299080000000003	2.545287	2.43352	1.6259709999999998	2.879397	3.164743	1.160583	1.142728	1.140463
chr12	10017555	10023221	ENSG00000110852	*	1.835534	1.8685310000000002	3.031457	2.694424	1.6410049999999998	3.7568940000000004	3.962534	1.144013	1.151934	1.140978
chr12	15108479	15116346	ENSG00000111348	*	2.795321	2.780728	3.0853639999999998	2.809313	1.9446259999999997	5.215186	5.113633	1.289323	1.346961	1.265368
chr12	27162435	27168636	ENSG00000064115	*	3.176512	3.04523	2.686288	2.688497	1.905312	5.520178	5.365725	1.248486	1.26108	1.260182
chr12	46118977	46126525	ENSG00000189079	*	8.14613	6.727233	4.929641	5.801743	3.4796400000000003	15.530694	13.931119	1.373212	1.415832	1.310964
chr12	46660107	46664397	ENSG00000111371	*	10.599276	9.19245	5.531409	6.69665	3.8585300000000005	18.436966	15.810903	1.480573	1.5813110000000001	1.4036899999999999
chr12	95944471	95949032	ENSG00000136014	*	2.532089	2.689897	2.858181	2.704575	1.822903	5.347314	5.612186	1.101851	1.096986	1.189275
chr12	98907400	98912625	ENSG00000120802	*	7.597237	6.185772	4.588213	5.022933	3.181526	13.574317	13.078697	1.418344	1.4760030000000002	1.317434
chr12	104849720	104855611	ENSG00000171310	*	10.431826	8.595492	5.59344	5.943846	3.814589	16.904007999999994	15.239173000000001	1.452727	1.5022950000000002	1.337977
chr12	107711730	107716269	ENSG00000151136	*	8.921213999999997	7.093472	4.462528	4.949349	2.9332510000000003	8.793921000000001	9.086114	1.250191	1.246716	1.207678
chr12	112277563	112282020	ENSG00000089022	*	8.919805	7.466492	5.757143	6.395316	4.058182	19.449273	17.567272	1.357429	1.399624	1.3041
chr12	120102659	120107095	ENSG00000111725	*	5.348122	4.719531	3.662523	3.856004	2.51357	9.963215	9.321524	1.222214	1.245357	1.210428
chr12	122063671	122068073	ENSG00000182500	*	8.958683	7.1727479999999995	4.6581980000000005	5.123948	3.399542	13.928032	13.506329999999998	1.330196	1.3691229999999999	1.2840559999999999
chr12	122515818	122521333	ENSG00000175727	*	6.970053999999999	5.688467	3.99556	4.009432	2.622985	10.434492	9.467842	1.285695	1.372441	1.310503
chr12	125397964	125403213	ENSG00000150991	*	7.825308000000001	6.830005	4.612126	5.473306	3.290971	13.330203	11.960375	1.283364	1.262446	1.262817
chr13	22243408	22250174	ENSG00000102678	*	9.388255000000001	7.697710000000001	5.0559400000000005	5.793233	3.5438199999999997	14.15431	13.585182999999999	1.1340540000000001	1.138293	1.149973
chr13	31037216	31041754	ENSG00000189403	*	7.892056	6.49437	4.482565	5.07979	3.145994	15.305464	12.932957	1.3472709999999999	1.395933	1.24447
chr13	46752500	46757221	ENSG00000136167	*	2.6763	3.053002	3.9496300000000004	3.85995	2.455882	8.926916	8.318921000000001	1.3367069999999999	1.373019	1.298951
chr13	48875720	48880260	ENSG00000139687	*	8.779181000000001	7.781005	5.275169	5.9698080000000004	3.8084830000000003	18.044663	16.095019999999998	1.349189	1.353152	1.3154370000000002
chr13	51481518	51491520	ENSG00000136104	*	4.290671	3.828135	3.2841129999999996	3.230322	2.076179	6.8096	6.619959	1.258344	1.28489	1.275503
chr13	74706589	74710887	ENSG00000118922	*	13.551751999999999	10.531789999999999	6.222399	7.134982000000001	4.633031	21.294759	19.620051999999998	1.383273	1.43658	1.320281
chr13	79977536	79981796	ENSG00000139746	*	8.399014999999999	7.108650999999999	5.889386	6.492432	4.0417570000000005	19.731433	17.481879	1.394936	1.453844	1.300922
chr13	97874030	97878285	ENSG00000139793	*	2.75942	2.702586	3.412609	3.033397	1.9307150000000002	5.237856	5.780694	1.15439	1.180663	1.19943
chr13	100630696	100635233	ENSG00000043355	*	8.465579	6.654225	3.951764	4.099234	2.6572310000000003	9.394916	8.974799	1.045862	1.070283	1.096855
chr13	111564293	111569003	ENSG00000088448	*	12.254042	9.026551	5.748295	6.508078	4.186616000000001	20.740331	18.281416	1.351539	1.3853209999999998	1.2716399999999999
chr13	111836402	111842334	ENSG00000102606	*	1.559138	1.545398	1.659434	1.291974	1.108293	1.280672	1.282094	1.134624	1.152089	1.140304
chr13	114894206	114898674	ENSG00000185989	*	5.353839	4.295547	2.814482	2.813156	1.961797	4.6464360000000005	4.750108	1.299849	1.365189	1.289862
chr14	23586174	23590493	ENSG00000092067	*	2.018768	1.8519970000000001	1.6779080000000002	1.506484	1.202407	1.7690169999999998	1.787061	1.067044	1.068949	1.136971
chr14	54419895	54424386	ENSG00000125378	*	5.545965	4.787941	3.369168	3.779902	2.2552369999999997	7.040808	6.6783399999999995	1.050225	1.0469760000000001	1.124981
chr14	56584209	56588377	ENSG00000139946	*	10.172402	7.813553999999999	5.138169	5.803272	3.6719690000000003	17.243394	15.404986	1.4751	1.524729	1.311008
chr14	60557310	60562457	ENSG00000126773	*	5.2211419999999995	4.7035610000000005	4.400029	4.683382	2.902266	11.592711	10.610819000000001	1.2832780000000001	1.31805	1.258887
chr14	69257992	69263293	ENSG00000185650	*	7.745624	6.250008	4.560727	5.444529	3.115236	11.676872999999999	11.963208999999999	1.4352479999999999	1.4496440000000002	1.338771
chr14	74218703	74227667	ENSG00000156030	*	4.996218	3.8088580000000003	3.012885	2.913487	1.992937	5.61221	5.393413	1.267551	1.318751	1.225595
chr14	74250900	74255540	ENSG00000156030	*	6.89985	5.592347	4.1403219999999985	4.45734	2.7626009999999996	10.483665	10.113026	1.314384	1.332243	1.277158
chr14	90081139	90086301	ENSG00000053254	*	3.6606989999999997	3.220573	3.191199	3.542104	2.0371170000000003	6.748728	6.449773	1.267146	1.324136	1.2315
chr14	91881603	91885988	ENSG00000015133	*	8.551630000000001	7.186032000000001	4.7442030000000015	5.300848	3.2431200000000002	13.857495000000002	12.878944	1.3239370000000001	1.42406	1.284389
chr14	95998880	96003330	ENSG00000182512	*	9.216202000000001	7.859325	5.432479	5.9410050000000005	3.841271	17.687427	15.539917	1.411753	1.4332559999999999	1.321587
chr14	99730942	99739156	ENSG00000127152	*	6.323182	5.166651	4.0937019999999995	3.9068	2.6888400000000003	10.100186	9.430516	1.2549	1.296813	1.242183
chr14	100531152	100538604	ENSG00000196405	*	1.8972220000000002	1.8088849999999999	2.164539	1.6638929999999998	1.261291	1.559856	1.670734	1.191668	1.246458	1.178248
chr14	103798522	103802798	ENSG00000100664	*	12.021908999999999	9.122682000000001	5.954728	6.663252000000001	3.9180589999999995	20.413075	17.594925	1.400727	1.411959	1.301349
chr14	105218032	105224266	ENSG00000184990	*	8.519528000000001	6.914664	4.570163	4.4891640000000015	3.089905	12.938979	11.547553	1.2433100000000001	1.230911	1.210977
chr15	45489629	45493997	ENSG00000138606	*	8.249692999999999	7.445775	6.12442	6.950177	3.987775	16.858190999999998	15.764581	1.290314	1.320839	1.23295
chr15	50644723	50649920	ENSG00000104064	*	8.929903	7.150684	5.2073849999999995	6.081780999999999	3.619731	18.018829999999998	15.981986	1.425419	1.467971	1.323399
chr15	58300211	58307106	ENSG00000128918	*	1.5499	1.5046460000000002	2.155571	1.743306	1.286391	2.4898919999999998	2.523247	1.084295	1.096845	1.164004
chr15	60881247	60885500	ENSG00000069667	*	10.519772999999999	8.091414	5.257229	6.022216	3.684683	16.896517000000003	15.426706	1.341006	1.344438	1.274542
chr15	62349348	62354046	ENSG00000129003	*	6.409623000000001	5.729991	4.538541	4.885214	3.0636099999999997	12.974155999999999	11.441775	1.234349	1.251974	1.228969
chr15	63480784	63485141	ENSG00000166128	*	5.364433	4.780001	3.5856	3.7253019999999997	2.442095	8.640108999999999	7.9871229999999995	1.229643	1.324347	1.243103
chr15	66992332	66997867	ENSG00000137834	*	9.13945	7.379353999999999	4.64425	5.079756	3.188126	12.386612	11.743149	1.240602	1.27349	1.214248
chr15	67356051	67361069	ENSG00000166949	*	5.8698760000000005	4.3743859999999986	3.124848	3.461375	2.136915	6.483956	6.595246	1.330773	1.361817	1.2505700000000002
chr15	70386070	70394013	ENSG00000140332	*	8.872432	6.875700999999999	4.3439440000000005	4.967391	3.033481	12.330081	11.637293	1.3759620000000001	1.453393	1.294445
chr15	72518843	72525141	ENSG00000067225	*	8.905086	7.285518	5.162515	5.348418	3.393254	14.79072	13.332832000000002	1.326543	1.346517	1.302504
chr15	75072629	75078268	ENSG00000103653	*	8.206506000000001	6.814959	4.496044	4.6153650000000015	3.088311	12.906929	11.692476	1.356476	1.367391	1.249459
chr15	75742291	75749346	ENSG00000169375	*	12.726115	10.375739	6.04512	6.838433	4.463609	21.543414000000002	18.778304000000002	1.3886290000000001	1.454656	1.310107
chr15	79602748	79607139	ENSG00000166557	*	7.4510309999999995	6.2055050000000005	4.111969	4.509706	2.9535400000000003	12.781137	11.971662	1.195876	1.2387540000000001	1.2190860000000001
chr15	89163939	89168425	ENSG00000181026	*	5.744721	4.930572	3.8623879999999997	3.959136	2.653987	10.415086	9.324755	1.2159870000000002	1.228726	1.196766
chr15	89873040	89879809	ENSG00000140521	*	6.200916	5.047668	3.832086	3.591394	2.3747849999999997	8.535546	7.82867	1.24416	1.25248	1.238199
chr15	90117542	90121723	ENSG00000140534	*	7.140248	6.081734	4.0932580000000005	4.3589	2.867742	12.672325	11.113456	1.2935649999999999	1.348905	1.267335
chr15	90641963	90646309	ENSG00000182054	*	7.565360000000001	5.9541580000000005	3.921561	4.3731589999999985	2.824209	11.593356	11.204174	1.242351	1.286316	1.217465
chr15	93443136	93449897	ENSG00000173575	*	3.122046	3.1611860000000003	3.919085	3.5243889999999998	2.3127299999999997	7.951967999999999	8.014066999999999	1.345727	1.395585	1.313281
chr16	575354	579603	ENSG00000103326	*	13.411813	9.918523	5.993215	6.695863	4.2454540000000005	19.595956	17.002272	1.178919	1.2066139999999999	1.158039
chr16	637400	641567	ENSG00000197562	*	12.926556	9.943478	5.403096	6.483853	4.1984699999999995	19.404377	17.232997	1.183899	1.180988	1.111743
chr16	1358155	1362683	ENSG00000103275	*	9.180922	7.225144	5.06323	5.286432	3.3439980000000005	14.939416	12.577747	1.13749	1.18004	1.142108
chr16	2800790	2805339	ENSG00000167978	*	9.072650999999999	7.854191999999999	5.526888	5.8550699999999996	3.685808	16.274798999999998	14.636426	1.1840000000000002	1.240689	1.1332229999999999
chr16	9051950	9057242	ENSG00000187555	*	6.158365	5.0660680000000005	4.3580570000000005	4.14839	2.5953660000000003	10.100521	9.423866	1.1001729999999998	1.116801	1.110832
chr16	30074811	30079213	ENSG00000149925	*	11.649953	8.963799	5.540366000000001	6.050199	4.030687	17.579894	16.031914	1.393542	1.436417	1.287955
chr16	30194044	30199100	ENSG00000102879	*	10.185823	8.662934	5.067177	5.295715	3.597257	15.524113	13.092983	1.398405	1.4155659999999999	1.286497
chr16	31189876	31194108	ENSG00000089280	*	10.315482000000001	8.551148000000001	5.1954519999999995	5.937178	3.610435	15.982439999999999	14.423445000000001	1.4760149999999999	1.480395	1.3942940000000001
chr16	54960692	54966310	ENSG00000176842	*	11.314557	8.93469	5.65256	6.318318	3.9499809999999997	18.438235	16.803309	1.420018	1.457301	1.327183
chr16	67594588	67598867	ENSG00000102974	*	10.975802999999999	8.526871	5.3108580000000005	6.158836	3.990307	19.581095	17.707122000000002	1.428795	1.437952	1.30485
chr16	85643645	85650587	ENSG00000131149	*	9.544584	6.8847119999999995	4.37604	4.715781	3.111985	10.831433	10.526956	1.309158	1.367448	1.222302
chr16	88518923	88523296	ENSG00000179588	*	6.6912910000000005	4.990315	3.2873919999999996	3.2703580000000003	2.297918	5.64625	5.413722	1.167865	1.167826	1.125773
chr16	88847200	88852630	ENSG00000103335	*	9.764705000000001	6.972424	4.457585	4.997741	3.2127950000000003	13.147104	12.333219999999999	1.165915	1.171173	1.156605
chr16	89159348	89174273	ENSG00000176715	*	4.2789920000000015	3.833361	2.911889	2.7926960000000003	1.978887	5.483028	5.330169000000001	1.0492059999999999	1.065787	1.08701
chr17	2301871	2306093	ENSG00000070444	*	12.627393	9.956462	5.707631	6.613957000000001	3.8670720000000003	16.302293	15.121255	1.352608	1.437149	1.312909
chr17	2612183	2616325	ENSG00000132361	*	12.707424000000001	9.586876	5.910466	6.655986	4.237716000000001	18.971729	17.35173	1.309758	1.308244	1.2644030000000002
chr17	3863657	3869188	ENSG00000074370	*	7.393739999999999	6.054178	3.916287	4.0110100000000015	2.74874	9.271896	8.559921000000001	1.370097	1.332194	1.302439
chr17	7743147	7748885	ENSG00000132510	*	9.366717999999999	7.618077	5.091377	4.9349690000000015	3.362804	13.009591	11.635073	1.212393	1.271077	1.161781
chr17	8088883	8094214	ENSG00000196544	*	10.751118	8.901135	5.696929	6.43337	4.05861	18.043789999999998	15.874701000000002	1.282891	1.347528	1.223778
chr17	16944500	16948854	ENSG00000133030	*	6.035204	5.056369	4.033644000000001	3.88527	2.6482	9.621317	8.284006	1.23837	1.266967	1.225499
chr17	18085446	18090288	ENSG00000091542	*	10.004766	8.095187	4.515747	5.228586	3.508414	14.755317999999999	13.089703	1.327155	1.392698	1.3165
chr17	21187254	21191915	ENSG00000034152	*	8.327881999999999	6.5003839999999995	4.357573	4.380368	3.015776	11.403671000000001	10.239644	1.216014	1.232378	1.212258
chr17	26644283	26648523	ENSG00000109084	*	8.415708	7.451835000000001	4.757816	5.401811	3.586383	15.082401999999998	13.210176	1.280716	1.282484	1.261182
chr17	29148465	29153136	ENSG00000176390	*	5.815587	4.881117	3.745161	3.910655	2.659122	9.957931	8.952142	1.203342	1.229024	1.2408219999999999
chr17	36857396	36864059	ENSG00000108292	*	9.949923	7.9677	5.386133	6.050955999999999	3.5805	15.246580999999999	14.304238	1.395797	1.431802	1.311304
chr17	37024461	37028729	ENSG00000002834	*	10.868299	8.872656	5.695419	6.388617	4.059566	17.581820999999998	16.040317	1.401535	1.4518229999999999	1.317518
chr17	42293402	42299152	ENSG00000108312	*	11.29851	8.408647	5.2409300000000005	5.982081	3.8965349999999996	16.915457	16.15287	1.337004	1.4135959999999999	1.2496260000000001
chr17	43223620	43228606	ENSG00000186834	*	7.826602	6.774313	5.096616	5.385828	3.3387569999999998	12.667846	12.292492	1.380426	1.400725	1.278248
chr17	43297918	43306865	ENSG00000184922	*	6.503856	5.205214	3.5752870000000003	3.4543550000000005	2.406953	8.365822	8.043546000000001	1.3290799999999998	1.353448	1.273077
chr17	44267230	44273590	ENSG00000120071	*	10.009253	8.376028	5.934949	6.524331	3.994534	18.337597	16.518791999999998	1.310242	1.32655	1.2742360000000001
chr17	46123408	46127560	ENSG00000082641	*	8.959996	7.736739999999999	5.620280999999999	6.011801999999999	3.8978980000000005	18.51108	16.151051000000002	1.378307	1.371481	1.330497
chr17	47072552	47078691	ENSG00000159217	*	6.201325	5.159542	3.7564940000000004	3.6769480000000003	2.524109	9.321306	8.954228	1.057711	1.049234	1.158385
chr17	47837960	47842215	ENSG00000121104	*	5.043929	4.154947	3.165345	3.070839	2.24364	7.690500999999999	6.719129	1.314188	1.337646	1.285792
chr17	48225741	48230070	ENSG00000108819	*	9.132786999999999	6.520418	4.206715	4.745675	3.053979	11.111369	10.691351	1.434508	1.446779	1.2906870000000001
chr17	56405203	56418252	ENSG00000005379	*	6.620271000000001	5.492285	4.05628	3.9988699999999997	2.641302	10.132705	9.098186	1.369942	1.4184430000000001	1.279642
chr17	64297533	64301931	ENSG00000154229	*	10.91887	8.793338	6.0650010000000005	6.424919999999999	4.2567179999999984	20.241087	17.435228	1.1128	1.11269	1.198369
chr17	72743898	72748271	ENSG00000109062	*	10.003162	7.5236529999999995	4.605298	4.741068	3.3073949999999996	12.731498	11.861438	1.432931	1.470448	1.3570200000000001
chr17	75446110	75452587	ENSG00000184640	*	5.187329	4.278836	3.3639050000000004	3.247284	2.203277	5.389348	5.5071959999999995	1.137278	1.168045	1.195712
chr17	78234621	78239002	ENSG00000173821	*	9.406792999999999	7.334627	5.090424	5.471675	3.5697970000000003	14.910447	13.787853	1.3235709999999998	1.350633	1.2755319999999999
chr18	906625	912141	ENSG00000141433	*	2.3598529999999998	2.0312080000000003	1.8735540000000002	1.703748	1.3198	2.546544	2.482595	1.057628	1.061884	1.131608
chr18	3447451	3452633	ENSG00000177426	*	10.398700999999999	8.618314	5.3082650000000005	6.075544	3.920606	15.178663	14.308057000000002	1.436308	1.486681	1.326503
chr18	13216153	13221327	ENSG00000168675	*	9.253219	6.8674789999999994	4.354835	4.77654	3.182069	13.534967000000002	12.464719	1.240785	1.272852	1.225307
chr18	13610563	13617414	ENSG00000168675	*	1.5529469999999999	1.4460620000000002	1.669975	1.3636620000000002	1.13457	1.479782	1.551601	1.1884780000000001	1.2235969999999998	1.19665
chr18	45454567	45459333	ENSG00000175387	*	6.6505	5.292052	3.5362620000000002	4.1329270000000005	2.7071099999999997	10.260763	9.689878	1.280804	1.296677	1.220923
chr18	60188686	60195067	ENSG00000141664	*	8.900611999999997	7.123931	4.4852300000000005	4.993246	3.298805	12.380464	11.385530000000001	1.329983	1.394404	1.252707
chr18	74842130	74846284	ENSG00000197971	*	9.070905999999999	6.681711	4.211385	4.679791000000001	3.061589	13.129492	11.506463	1.0644200000000001	1.0705559999999998	1.097621
chr18	77438192	77443254	ENSG00000060069	*	6.70441	5.563036	3.6127910000000005	3.705118	2.713647	9.727521000000001	8.884032999999997	1.243161	1.319066	1.240069
chr19	1248021	1253239	ENSG00000167470	*	10.416945	7.754282000000001	4.2796970000000005	4.9230089999999995	3.317569	14.803723999999999	13.319931	1.349579	1.3887690000000001	1.259133
chr19	4471015	4475328	ENSG00000167674	*	9.255626	7.3701490000000005	4.6397650000000015	4.949797	3.422587	15.247015	13.811445	1.305927	1.352817	1.234215
chr19	10763142	10767424	ENSG00000129351	*	11.181282000000001	8.917183999999997	6.570214	6.977460000000001	4.217516000000001	23.439682	20.154517000000002	1.422715	1.508969	1.322157
chr19	12831173	12835341	ENSG00000105576	*	8.957495999999997	7.778909	5.364742	5.65868	3.7312160000000003	18.831701000000002	16.611628	1.348956	1.356291	1.27698
chr19	16186442	16191411	ENSG00000167460	*	8.166877000000001	6.420562	4.4319570000000015	4.9244590000000015	3.092304	13.536392000000001	11.657877000000001	1.419541	1.503	1.351477
chr19	30155772	30160022	ENSG00000166289	*	7.503298	5.763852	3.6166110000000002	3.8689720000000003	2.754727	10.413372	10.065135	1.16613	1.185433	1.1175760000000001
chr19	39338260	39343928	ENSG00000104824	*	9.243407000000001	7.3387649999999995	4.9712580000000015	5.583119	3.4533739999999997	16.672024999999998	15.229759	1.375356	1.476828	1.325107
chr19	47216776	47222075	ENSG00000105287	*	7.812975	6.517743	4.238671	4.736321	2.9807080000000004	10.732168	9.825145	1.394188	1.504658	1.319217
chr19	47287286	47292174	ENSG00000105281	*	8.682335	7.813808	4.589629	5.019643	3.366118	15.607022	14.421845000000001	1.397993	1.449355	1.370341
chr19	55763853	55772198	ENSG00000105063	*	8.240357000000001	6.788983999999999	4.620818	4.874494	3.167897	12.846122	12.214029	1.462749	1.518177	1.374775
chr19	56164937	56169076	ENSG00000063244	*	8.878653	7.637008	5.633249	5.929303	3.5341379999999996	16.335857	15.199872000000001	1.381147	1.485598	1.340074
chr2	674337	678590	ENSG00000151353	*	8.863525	7.097811	5.083387	5.41081	3.330229	12.752482	11.488802	1.188129	1.227364	1.208038
chr2	5834222	5841265	ENSG00000176887	*	3.5003839999999995	3.038487	2.455043	2.602453	1.736117	4.693601	4.6797949999999995	1.0511139999999999	1.0641180000000001	1.155713
chr2	10259847	10265459	ENSG00000171848	*	7.724378999999999	6.643725999999999	4.520685	4.925659	3.106019	12.64454	11.433254	1.41185	1.4314799999999999	1.325676
chr2	16079579	16084133	ENSG00000134323	*	5.9769309999999995	4.903632	3.6569230000000004	3.683532	2.152961	6.164226	6.236496	1.251485	1.309601	1.2121309999999998
chr2	54784309	54789887	ENSG00000115306	*	5.830179	5.168106	4.3626570000000005	4.532335	2.815414	9.259758999999999	9.13226	1.388949	1.398295	1.277778
chr2	55274499	55280129	ENSG00000115310	*	7.702350999999999	6.324224	4.292155999999999	4.712771	3.154777	13.026511	11.597245	1.319797	1.374084	1.280883
chr2	55842789	55847004	ENSG00000138041	*	7.934286999999999	7.071486999999999	6.073821	6.643563	4.059932	19.563574	16.875920999999998	1.383107	1.443219	1.292697
chr2	60775584	60785026	ENSG00000119866	*	7.763086	6.368636	4.6288860000000005	5.036829	3.015759	11.840311999999999	11.29545	1.2679200000000002	1.32189	1.263478
chr2	61762687	61766931	ENSG00000082898	*	7.338747	5.9037180000000005	4.477169	4.935093	3.078394	12.498989	11.171428	1.368609	1.415417	1.312202
chr2	70310474	70317307	ENSG00000169564	*	7.003897	5.783876	4.500783	4.749051000000001	2.961729	11.654792	10.593269	1.397427	1.424775	1.33641
chr2	85196035	85200475	ENSG00000176407	*	8.802742	6.720766	4.557521	5.301684	3.3938300000000003	15.466508	13.619584	1.354133	1.379056	1.2656020000000001
chr2	85764281	85768923	ENSG00000168906	*	9.606760000000001	7.939242999999999	5.805924	6.41284	3.80289	16.683701	15.560609	1.50026	1.4514200000000002	1.45718
chr2	98328875	98336642	ENSG00000115085	*	4.733385	3.935826	3.087057	2.7348310000000002	1.9721349999999997	5.334276	5.017917	1.259835	1.2790030000000001	1.221658
chr2	99060659	99066066	ENSG00000040933	*	5.523525	4.598814	3.7340139999999997	3.589253	2.421122	8.622753	7.8730649999999995	1.2178120000000001	1.242441	1.20193
chr2	99342547	99347457	ENSG00000071073	*	4.255575	3.576357	3.3453470000000003	3.237246	2.147414	7.493183	6.861901	1.1541	1.187202	1.240053
chr2	102313194	102317460	ENSG00000071054	*	6.174612000000001	4.960216	4.114224	4.442675	2.709613	10.302153	8.30364	1.280661	1.353415	1.286061
chr2	127413056	127417499	ENSG00000136732	*	5.09542	4.647178	3.5378629999999998	3.760501	2.300535	7.671919	7.40945	1.298997	1.309389	1.2601120000000001
chr2	136872607	136877441	ENSG00000121966	*	9.145557	7.589772	4.9306220000000005	5.632055	3.5455129999999997	14.568439000000001	13.212278	1.507647	1.502439	1.354214
chr2	169100269	169105024	ENSG00000198648	*	6.579973	5.1036660000000005	3.312382	3.906536	2.4173880000000003	9.713111999999999	8.022473999999999	1.28144	1.302508	1.295707
chr2	174218163	174222655	ENSG00000144354	*	7.3717179999999995	6.164618	4.379156	4.612935	2.847527	11.766225	10.44875	1.3119379999999998	1.3990989999999999	1.2543520000000001
chr2	174826710	174831352	ENSG00000172845	*	10.63306	8.216203	5.283802	5.979173	3.849054	17.596739000000003	15.971359	1.369208	1.407645	1.317043
chr2	182321123	182327804	ENSG00000115232	*	4.6492179999999985	3.8012010000000003	3.3347019999999996	3.402328	2.1470130000000003	6.200282	6.209243	1.375478	1.445734	1.336686
chr2	204570766	204576344	ENSG00000178562	*	1.059727	1.074185	1.1918790000000001	1.034014	1.022843	1.108982	1.147154	1.075425	1.079382	1.169663
chr2	214010072	214018740	ENSG00000030419	*	2.917902	2.944505	3.3260680000000002	3.196473	2.07816	5.859213	5.547683999999999	1.331425	1.366751	1.2693290000000002
chr2	227698940	227705011	ENSG00000144468	*	4.779308	4.5628660000000005	3.736371	3.9457400000000002	2.458545	9.001954	8.385241	1.194483	1.213993	1.18485
chr2	233924366	233928662	ENSG00000168918	*	4.378415	3.353273	3.016403	3.000196	2.033768	5.30392	5.497439	1.362578	1.376025	1.24086
chr2	238600819	238606794	ENSG00000124831	*	5.338303	4.607057	3.6324589999999994	3.427895	2.336028	7.757981	7.339933	1.3416270000000001	1.369098	1.261296
chr20	304503	308845	ENSG00000177732	*	10.837644000000001	8.161591999999999	4.798579	6.044778	3.674617	15.152445000000002	14.585754000000001	1.379038	1.422953	1.269079
chr20	30307369	30312172	ENSG00000171552	*	6.631489999999999	5.724096	3.6940199999999996	4.15496	2.709298	9.161128	8.913274999999997	1.3253030000000001	1.363556	1.306139
chr20	32579339	32583918	ENSG00000125970	*	9.360361	7.654385	5.231975	5.570296	3.692394	15.683444	14.350985999999999	1.315507	1.394709	1.336853
chr20	34326396	34332384	ENSG00000131051	*	5.719622	5.236383	4.5715710000000005	4.531934	2.899512	12.615876	11.350408999999999	1.323279	1.397435	1.263416
chr20	39764990	39772903	ENSG00000124181	*	6.670522999999999	5.179417	3.474399	3.6965760000000003	2.480179	8.43132	8.057969	1.226092	1.2952549999999998	1.230341
chr20	43271161	43281980	ENSG00000196839	*	5.7197510000000005	4.65784	3.616443	3.489432	2.286464	8.323445	7.500984	1.1594360000000001	1.183176	1.144212
chr20	47892496	47897776	ENSG00000124201	*	8.451737999999999	6.767575	5.641279	5.788583999999999	3.605528	17.258331	15.468573999999998	1.3449209999999998	1.3331879999999998	1.279508
chr20	56281141	56286859	ENSG00000124225	*	10.777545	8.04844	5.814851999999999	6.247033	3.790858	17.909668	15.02472	1.117067	1.147829	1.1937790000000001
chr20	57462891	57468952	ENSG00000087460	*	7.870854	6.2400519999999995	3.805732	4.455862000000001	2.926531	12.094655	10.20633	1.264592	1.300281	1.185526
chr20	58630027	58634579	ENSG00000176659	*	1.341174	1.28439	1.25111	1.177808	1.077669	1.166615	1.162851	1.301632	1.330307	1.240644
chr21	17101670	17106019	ENSG00000155313	*	7.01053	5.599991	4.048174	4.376752	2.6443470000000002	11.646091	10.527325	1.221025	1.263795	1.189483
chr21	28213889	28218715	ENSG00000154734	*	6.034983	4.666996	3.182516	3.455086	2.129566	6.962383999999999	6.892507000000001	1.053136	1.0527	1.124275
chr21	36254120	36266061	ENSG00000159216	*	6.164696	4.9627930000000005	4.142653	4.097824	2.551151	8.678035000000001	8.526632000000001	1.2682719999999998	1.301862	1.236879
chr21	36417317	36422236	ENSG00000159216	*	3.5005900000000003	3.44751	3.884442	3.565203	2.3290800000000003	6.53327	6.491236	1.4098469999999999	1.475384	1.335467
chr21	38738711	38743214	ENSG00000157540	*	11.121635000000001	8.609169999999999	5.41478	5.974437	3.897893	20.197708	17.559359	1.4109200000000002	1.50425	1.3483
chr21	44525838	44530377	ENSG00000160201	*	8.309608	7.197088000000001	5.724167	6.101039	3.708769	16.915564	15.060226	1.280473	1.338449	1.31653
chr21	46290560	46295666	ENSG00000183255	*	10.46294	8.084894	5.174015	5.746162	3.521939	15.821809	14.70757	1.338095	1.391816	1.259685
chr22	23521703	23526075	ENSG00000186716	*	4.8595950000000006	3.874283	2.75655	2.8400410000000003	1.968694	6.125933	5.486831	1.470477	1.489088	1.380944
chr22	25959907	25964853	ENSG00000100077	*	4.846385	3.987618	2.987582	3.148836	2.2102440000000003	7.973312	7.036693	1.259647	1.301088	1.243644
chr22	29194929	29199106	ENSG00000100219	*	6.313761	4.988021	3.751268	4.301183999999999	2.872901	12.166127000000001	10.846339	1.3897540000000002	1.451015	1.367402
chr22	36780733	36785237	ENSG00000100345	*	8.559616	6.746975	4.436362	4.496574	3.2393099999999997	13.874445000000001	12.230635000000001	1.445595	1.488438	1.330103
chr22	41486693	41490976	ENSG00000100393	*	8.073193	6.411815	4.410872	5.001435	3.220391	14.753905	12.069623	1.3813229999999999	1.424354	1.331657
chr22	41839943	41845315	ENSG00000183864	*	9.550694	7.765817	4.936065	5.368247	3.5685800000000003	15.235546	13.595817000000002	1.4628709999999998	1.524446	1.3565969999999998
chr3	5228539	5234952	ENSG00000134109	*	6.449545	5.537666000000001	3.946708	4.159246	2.720724	11.060916	10.120124	1.27362	1.30696	1.225961
chr3	9436587	9441936	ENSG00000168137	*	8.335956	6.601630999999999	5.19904	5.239192	3.424891	15.339198000000001	13.541195000000002	1.371273	1.3610200000000001	1.322239
chr3	30645307	30650614	ENSG00000163513	*	5.291658	4.401136	3.262299	3.61105	2.3276220000000003	8.259488000000001	7.555630000000001	1.234329	1.269082	1.224703
chr3	31571652	31578773	ENSG00000163527	*	7.562236	6.167515	4.578679	4.8377680000000005	3.102016	13.444741	11.973099000000001	1.474896	1.552311	1.345898
chr3	35676674	35689328	ENSG00000172995	*	2.745741	2.4629000000000003	2.4577850000000003	2.319178	1.532235	3.917475	3.90574	1.077497	1.085299	1.177024
chr3	56832259	56836585	ENSG00000163947	*	4.867825	4.113416	3.030767	3.139153	2.142282	5.856211	5.475848	1.1773120000000001	1.1954420000000001	1.204091
chr3	71112128	71116972	ENSG00000114861	*	4.3136529999999995	3.6700980000000003	2.891489	3.1844259999999998	1.9786110000000001	5.9486870000000005	5.42894	1.213702	1.286314	1.187654
chr3	72894840	72899195	ENSG00000144736	*	5.473767	5.129563	4.827148	4.5493109999999986	2.975863	11.277739	10.349553	1.2802360000000002	1.298577	1.266095
chr3	72936422	72940842	ENSG00000172986	*	4.296574	3.7226220000000003	3.6343769999999997	3.581524	2.154423	7.230632000000001	6.601482000000001	1.132013	1.146303	1.163456
chr3	107805762	107811335	ENSG00000196776	*	5.357116	4.547488	3.430848	3.715876	2.418031	9.390087	8.204976	1.332874	1.3732879999999998	1.334187
chr3	119809335	119816083	ENSG00000082701	*	6.037482	5.035164	4.175549	4.25137	2.772179	10.710101	9.899947000000001	1.312455	1.347946	1.313521
chr3	135911288	135917232	ENSG00000174579	*	7.714653	6.382626999999999	4.5514980000000005	4.750376	3.052486	11.94856	11.539963	1.392625	1.428735	1.352458
chr3	140948798	140953859	ENSG00000155893	*	6.579338000000001	5.16512	3.555629	3.6562690000000004	2.520149	9.628909	8.395140999999999	1.181918	1.254371	1.192505
chr3	150477585	150482363	ENSG00000181788	*	8.84097	7.386292999999999	4.911097	5.6238589999999995	3.47769	16.608307999999997	14.657194	1.3226229999999999	1.350017	1.286598
chr3	151985603	151989796	ENSG00000152601	*	7.192894	6.373177	4.817888	5.2266580000000005	3.161983	13.345149	12.639239	1.331427	1.367866	1.358411
chr3	176912343	176917782	ENSG00000177565	*	5.462754	4.3397260000000015	3.813674	4.2000660000000005	2.491128	10.422102	8.986108	1.2677	1.3192030000000001	1.260426
chr3	185651468	185656053	ENSG00000136527	*	6.533419	5.922144	4.982672	5.156904	3.114806	14.438112	12.628803	1.4959879999999999	1.532913	1.372715
chr3	196666354	196670983	ENSG00000114503	*	10.449154	8.472851	5.576101	6.227072	4.056282	19.371199	17.251339	1.342373	1.3904450000000002	1.273768
chr4	50508	54856	ENSG00000197701	*	9.301719	7.778844	5.849625	5.426597	3.426793	11.600117	10.214074	1.6929939999999999	1.85162	1.8491389999999999
chr4	1240100	1244499	ENSG00000159692	*	7.819889	5.9410739999999995	3.3861529999999997	3.953815	2.630064	10.999111	9.519105	1.329165	1.43608	1.273372
chr4	1711808	1716198	ENSG00000163950	*	9.590788	7.310451	4.294297	5.010305000000001	3.5282839999999998	16.435581	14.563417999999999	1.309311	1.36176	1.253224
chr4	8200287	8205057	ENSG00000125089	*	2.746332	2.21087	1.8822720000000002	1.8294569999999999	1.397899	2.292951	2.2340910000000003	1.192697	1.197152	1.212418
chr4	10116713	10121118	ENSG00000071127	*	6.92444	5.565205000000001	3.9617449999999996	4.077145	2.675435	11.293489	9.850659	1.259186	1.298117	1.264141
chr4	26320015	26324329	ENSG00000168214	*	8.552581	6.943592	4.132155	5.188102	3.2815839999999996	13.734594	12.305885	1.302708	1.388254	1.255068
chr4	26858639	26863946	ENSG00000109689	*	6.9483880000000005	5.886257	4.313729	4.501188	2.999961	11.747197	10.991431	1.313465	1.317601	1.256298
chr4	40197373	40204557	ENSG00000168421	*	2.80248	2.751918	3.3748489999999998	3.037018	1.984416	5.86989	5.8563849999999995	1.412818	1.45956	1.357219
chr4	48779193	48783398	ENSG00000075539	*	7.631800999999999	6.176648	4.579049	4.925566000000001	3.19467	13.874493	12.697838	1.4025450000000002	1.4229610000000001	1.277397
chr4	83291667	83297419	ENSG00000138668	*	6.27323	5.3551400000000005	4.319091	4.63089	2.953799	13.531386	11.781423	1.401623	1.472184	1.301971
chr4	83930428	83935297	ENSG00000189308	*	6.52206	5.737214	4.250681	4.625017	3.0215560000000004	12.307454	11.513843	1.362607	1.378084	1.293357
chr4	87926807	87930995	ENSG00000172493	*	2.372068	2.197327	1.9593459999999998	2.114436	1.5223799999999998	3.9206440000000002	3.765426	1.2959610000000001	1.2880790000000002	1.2356690000000001
chr4	103745589	103750481	ENSG00000109332	*	6.9298779999999995	6.259298	4.771719999999999	5.154052	3.3277400000000004	14.840204	13.651371	1.3599709999999998	1.45184	1.270116
chr4	109081019	109091041	ENSG00000138795	*	4.249808	3.8944769999999997	3.248138	3.190029	2.122929	6.837186	6.33695	1.31879	1.353539	1.2841930000000001
chr4	109539910	109544108	ENSG00000109475	*	3.789905	3.657169	3.9083669999999997	4.173169000000001	2.642233	11.200499	9.578612	1.2482309999999999	1.337967	1.26264
chr4	118953954	118958861	ENSG00000164100	*	3.375518	2.8687099999999996	2.4640180000000003	2.564509	1.857508	5.587283	5.307426	1.2153040000000002	1.265907	1.2483799999999998
chr4	129730313	129734628	ENSG00000077684	*	9.292328999999999	7.398511999999999	4.9812330000000005	5.424041000000001	3.382048	14.543792999999999	13.522966	1.3497780000000001	1.419993	1.320131
chr4	141071300	141075936	ENSG00000196782	*	5.976129	5.032503	3.6113410000000004	3.738165	2.391658	7.204931	6.831116000000001	1.423123	1.51259	1.3180040000000002
chr4	144104809	144109988	ENSG00000170185	*	4.780584999999999	4.057976	3.367707	3.337432	2.3362670000000003	8.189871	7.684709	1.348678	1.3865530000000001	1.342806
chr4	145565585	145572340	ENSG00000164161	*	4.960853	4.395641	3.441902	3.418195	2.334482	8.124742000000001	7.626517999999999	1.383941	1.436842	1.301863
chr4	146098405	146102669	ENSG00000164164	*	6.180911	5.405906	3.736993	4.021962	2.742961	10.868714	10.264977	1.333365	1.392239	1.299945
chr4	154265040	154269196	ENSG00000121211	*	4.658615	4.1171809999999995	3.231805	3.403344	2.25173	7.826397	7.346964999999999	1.290944	1.3235780000000001	1.252366
chr4	154386616	154390801	ENSG00000121210	*	6.455386	5.025787	3.5389199999999996	3.8123730000000005	2.573548	10.140677	9.041966	1.378244	1.41496	1.354032
chr4	174253370	174257746	ENSG00000164104	*	7.486223	6.2138599999999995	4.212729	4.666247	2.914298	12.73957	11.421593	1.40848	1.40598	1.312973
chr4	187643453	187648591	ENSG00000083857	*	8.366788	6.885599000000001	4.731351	5.183101000000001	3.231272	13.943426	12.985909	1.058861	1.055052	1.140475
chr5	6711718	6716467	ENSG00000112941	*	7.911810000000001	6.239517	3.610911	4.3488690000000005	2.7472779999999997	11.242165	10.344008	1.2701209999999998	1.334846	1.230855
chr5	36875020	36879312	ENSG00000164190	*	10.124402	8.623184	5.878209	6.73825	4.210936	20.432482999999998	17.749359	1.42525	1.48809	1.347324
chr5	40676726	40683975	ENSG00000171522	*	6.690716	5.6425529999999995	4.479223	4.458338	2.868633	10.281621000000001	9.922152	1.343063	1.361898	1.263833
chr5	43037388	43043733	ENSG00000177721	*	4.533812999999999	4.001155000000001	3.490672	4.193504	2.2200100000000003	7.11923	7.074261999999999	1.397129	1.4692610000000002	1.3182049999999998
chr5	56468235	56472929	ENSG00000062194	*	7.5040130000000005	6.600377000000001	5.224616999999999	5.487322	3.4015419999999996	13.701079	12.731867	1.36448	1.4603110000000001	1.299626
chr5	65220456	65224764	ENSG00000112851	*	9.664548	7.407585000000001	5.602151999999999	6.301756	3.8007699999999995	17.100827	16.064028	1.376932	1.438715	1.368701
chr5	90675302	90680749	ENSG00000113369	*	5.134676	4.7887949999999995	4.678534	5.1878150000000005	2.846345	11.327028	10.633934	1.16701	1.204919	1.095582
chr5	98103913	98111252	ENSG00000174136	*	9.169764	7.686222	5.0783059999999995	5.798267	3.453615	13.882195999999999	13.507816	1.0642120000000002	1.0707010000000001	1.063342
chr5	100234903	100241557	ENSG00000113532	*	4.674961	4.462941000000001	4.1403979999999985	4.2962989999999985	2.5607420000000003	8.507956	8.513553	1.189036	1.20993	1.1526969999999999
chr5	110559100	110567819	ENSG00000152495	*	3.99039	3.1937919999999997	2.867458	2.695852	1.818187	5.652831	4.943022	1.089397	1.104575	1.099691
chr5	126111713	126116253	ENSG00000113368	*	9.569403999999999	7.577211999999999	5.00477	5.758645	3.581429	16.632116	14.495346	1.214661	1.235778	1.1532639999999998
chr5	131823381	131827544	ENSG00000125347	*	8.469928	6.250602	4.067407	4.309367	3.0623139999999998	11.172569000000001	10.374736	1.203657	1.2186219999999999	1.141183
chr5	133449397	133456979	ENSG00000081059	*	5.034661	4.080917	3.126232	2.968643	2.039026	7.1312240000000005	6.085229	1.012032	1.023991	1.04788
chr5	133859421	133864035	ENSG00000043143	*	13.936417	10.762044	6.237614	7.514502	4.565646	20.551037	18.894979	1.204948	1.2536479999999999	1.143356
chr5	156692397	156697289	ENSG00000055163	*	5.06629	4.1227089999999995	2.698232	2.8750709999999997	2.0678970000000003	7.050783999999999	7.013632	1.162664	1.14873	1.113369
chr5	162929812	162934036	ENSG00000038274	*	5.086628	4.7869459999999995	4.7011449999999995	4.9076520000000015	2.967457	12.149372	11.448983	1.1637600000000001	1.165022	1.121322
chr5	172260155	172265764	ENSG00000113719	*	6.193699	5.054399	3.5687949999999997	3.575325	2.622593	9.862999	8.997554000000003	1.172553	1.171224	1.1592559999999998
chr5	175959753	175965618	ENSG00000146083	*	8.173010000000001	6.808383	4.647067	4.832379	3.080647	11.772107	10.703233	1.194975	1.226769	1.148786
chr5	176853689	176860194	ENSG00000198055	*	5.481553	4.545178	3.3267010000000004	3.210969	2.146653	7.072817	6.435101	1.128675	1.1331209999999998	1.1203370000000001
chr5	179047697	179052296	ENSG00000169045	*	9.700269	7.7851669999999995	5.0794760000000005	5.455764	3.3337220000000003	15.622345000000001	13.998988	1.211544	1.237055	1.159982
chr5	180234157	180238889	ENSG00000131446	*	5.919919	4.830782	3.027602	3.75834	2.4211970000000003	8.197201	7.73055	1.1146129999999999	1.138566	1.120451
chr5	180630828	180635129	ENSG00000146054	*	7.8640479999999995	6.575444999999999	4.694991	5.576653	3.0299709999999997	11.756296	11.152191	1.1026610000000001	1.1322530000000002	1.0950090000000001
chr5	180668466	180674517	ENSG00000204628	*	10.967062	9.044279	6.496707	6.908133	4.223912	19.831985	17.410581	1.198474	1.2331	1.172066
chr6	6002959	6009532	ENSG00000124785	*	8.764282000000001	7.2987020000000005	5.578991	6.158112	3.6218470000000003	15.373510999999999	14.518851000000002	1.0526209999999998	1.061026	1.156715
chr6	12008187	12013671	ENSG00000095951	*	7.361101	5.864633	4.097946	4.621877	2.9260189999999997	12.291832000000001	10.412571	1.28981	1.299603	1.235881
chr6	13709146	13713419	ENSG00000010017	*	7.541861	6.277156	4.326495	4.7881680000000015	2.988477	14.143094	12.020298	1.353982	1.4524920000000001	1.289166
chr6	15244620	15251270	ENSG00000008083	*	7.8485119999999995	6.3555589999999995	4.889233	5.3095	3.3071309999999996	14.434429999999999	12.838477000000001	1.463602	1.462426	1.328863
chr6	20400986	20405450	ENSG00000112242	*	11.695200999999999	9.353662	5.824038	6.448516000000001	4.1486079999999985	20.690282	18.65793	1.417418	1.4564700000000002	1.276301
chr6	21593168	21599670	ENSG00000124766	*	8.245823999999999	6.822166	4.635634	4.8735870000000014	3.204768	14.812396	12.836689999999999	1.449439	1.548909	1.342523
chr6	26155695	26160623	ENSG00000158373	*	3.5897930000000002	3.3688800000000003	2.8814900000000003	3.0105560000000002	1.918829	5.628257	6.024741000000001	1.257843	1.31455	1.211028
chr6	26195002	26200887	ENSG00000197409	*	4.161434	3.691534	3.3849419999999997	3.512145	2.226515	7.453098	7.478824	1.299138	1.336805	1.237452
chr6	26536368	26540552	ENSG00000182952	*	7.526476	6.657524	5.418128	6.134627	3.600685	14.457979000000002	13.153796	1.282435	1.321764	1.286931
chr6	27857181	27863946	ENSG00000197153	*	5.011575	4.529771	3.8927199999999997	4.25379	2.56303	8.448832000000001	8.211724	1.242838	1.270585	1.213902
chr6	30649519	30655440	ENSG00000146112	*	7.043678999999999	5.885356	4.5416739999999995	4.425544	2.871972	8.020705	7.872221000000001	1.44751	1.4943790000000001	1.36077
chr6	31801514	31806279	ENSG00000204387	*	8.531969	7.23004	5.81762	5.688413	3.5507809999999997	15.122685999999998	13.742631	1.3414	1.436042	1.311625
chr6	35886122	35890400	ENSG00000096063	*	8.524383	6.996014999999999	5.217875	5.7368440000000005	3.80235	16.458458	14.981005999999999	1.321409	1.361456	1.290917
chr6	36560989	36565276	ENSG00000112081	*	5.973279	5.478458	5.479821	5.834613	3.315865	14.101465	13.156457999999999	1.467054	1.522894	1.331741
chr6	39897745	39902765	ENSG00000124615	*	4.936376	4.086274	3.180057	3.429433	2.276787	8.18112	7.771171000000001	1.050266	1.061287	1.134092
chr6	41905551	41910625	ENSG00000112576	*	8.833012	7.254706	4.719931	4.9908160000000015	3.3331129999999995	12.655149	11.122117999999999	1.364968	1.39615	1.262199
chr6	86350023	86354558	ENSG00000135316	*	13.54785	10.599972	6.593813000000001	7.085514999999999	4.578589	23.022673	19.720420999999998	1.405351	1.426539	1.316258
chr6	88408431	88412809	ENSG00000135334	*	8.520619	7.15389	4.804716	5.0579410000000005	3.4746040000000002	15.825694	13.654005999999999	1.341294	1.433116	1.278848
chr6	99280743	99285258	ENSG00000184486	*	5.632637	4.670494000000001	2.827285	3.2244509999999997	2.096244	6.0168919999999995	5.7313279999999995	1.175514	1.161132	1.162822
chr6	106956900	106962607	ENSG00000112297	*	7.294078	6.076833000000001	4.7417050000000005	5.158762	2.931139	9.549786	9.493478	1.247967	1.321628	1.251525
chr6	111194861	111199433	ENSG00000123505	*	12.871189	10.558699	6.749648	7.920702	4.864269	24.428894	21.606578	1.550839	1.541921	1.475295
chr6	112191067	112195899	ENSG00000010810	*	8.581222	7.1128100000000005	5.017304	5.366114	3.547165	13.939038	12.917418	1.289308	1.364723	1.325346
chr6	128217445	128222832	ENSG00000172673	*	1.673646	1.780054	2.6667810000000003	2.188505	1.5919020000000002	3.702145	3.664243	1.126144	1.151722	1.212265
chr6	135501006	135506591	ENSG00000118513	*	11.230496	9.179886	6.217665	6.877704	4.353062	20.240555999999998	17.819681	1.480199	1.563451	1.373202
chr6	138187111	138193072	ENSG00000118503	*	5.331331	4.2683529999999985	3.088356	3.534669	2.2156830000000003	7.454064999999999	6.943272	1.235971	1.297683	1.232608
chr6	143264177	143269069	ENSG00000010818	*	11.118047	8.661907000000001	5.592926	6.672559	3.8400269999999996	14.704115	13.130699	1.442935	1.451825	1.371051
chr6	153301600	153306622	ENSG00000112029	*	8.549192	7.262836	5.470443	5.886931	3.705221	16.100151	14.285072	1.310298	1.394264	1.232991
chr6	157097584	157102103	ENSG00000049618	*	12.024191	9.173533	5.459789	6.5918410000000005	4.061086	18.053962	16.758433	1.395041	1.48732	1.309511
chr7	5461330	5465854	ENSG00000182095	*	10.410112	8.025611	5.883781	5.991944	3.756479	16.119636	15.215181	1.425932	1.494245	1.2436909999999999
chr7	23508380	23514900	ENSG00000136231	*	8.80989	7.823836	5.257523	6.083896	3.4481599999999997	14.956489999999999	14.468453	1.0558530000000002	1.060838	1.152279
chr7	39988061	39992956	ENSG00000065883	*	12.110846	9.109686	5.168612	6.104261	3.921808	18.105726999999998	17.057651	1.3741459999999999	1.435857	1.3166200000000001
chr7	44142770	44147197	ENSG00000106624	*	6.712761	5.414559	3.550779	3.673549	2.646627	10.89465	9.903827	1.1203610000000002	1.151199	1.166566
chr7	50343003	50352985	ENSG00000185811	*	3.99231	3.518714	3.284649	3.223619	2.037896	6.481739	6.160148	1.246896	1.285966	1.258777
chr7	86845787	86850386	ENSG00000135185	*	7.881628	6.422974	4.393783999999999	4.743181	3.1100060000000003	13.378916	11.874352	1.304318	1.342781	1.271867
chr7	92215422	92220498	ENSG00000234545	*	5.461362	4.693212	3.682633	3.778221	2.556845	9.569245	8.857396000000001	1.243288	1.254435	1.224435
chr7	92459065	92468255	ENSG00000105810	*	7.718247	6.32517	4.6874210000000005	5.04725	3.16709	12.481206	11.777763	1.399166	1.431414	1.325777
chr7	101457063	101461331	ENSG00000257923	*	11.855225	8.998164	5.176012	6.412933	3.8669580000000003	17.56263	15.783657	1.334575	1.3980780000000002	1.3088540000000002
chr7	102071113	102075289	ENSG00000160991	*	6.747658	5.066577	3.157584	3.8163989999999997	2.455511	9.116175	8.689608	1.202123	1.1913690000000001	1.15202
chr7	104650411	104658306	ENSG00000005483	*	7.103769000000001	6.289286	4.688949	5.151552	3.3002480000000003	14.234835	12.965561	1.3464180000000001	1.439148	1.3066440000000001
chr7	105749242	105753732	ENSG00000008282	*	5.447265	4.881808	3.6418809999999997	3.9620660000000005	2.541799	9.859207000000001	9.023499000000001	1.326331	1.34548	1.276248
chr7	129588777	129593333	ENSG00000186591	*	6.3772	4.89489	3.6498660000000003	3.8888199999999995	2.4956400000000003	9.221492	8.585928	1.2366409999999999	1.25757	1.251228
chr7	130790163	130795266	ENSG00000128585	*	8.877637	7.170925	4.846843	5.321561	3.08193	11.078104	10.965622	1.2529549999999998	1.255377	1.239341
chr7	138788144	138795134	ENSG00000105939	*	7.603538	6.366558	4.870569000000001	4.632852	3.128634	12.768491000000001	11.412230000000001	1.389753	1.4581549999999999	1.352848
chr7	155087613	155092979	ENSG00000186480	*	6.258984	5.185638	3.559889	3.755929	2.492405	8.944835999999997	8.532617	1.359587	1.35994	1.289248
chr8	60027372	60033254	ENSG00000198846	*	8.648364	7.14823	5.2927290000000005	5.539567	3.6560900000000003	15.594014999999999	14.081651999999998	1.437877	1.5304799999999998	1.38269
chr8	66751673	66755847	ENSG00000205268	*	11.169738	9.142147999999999	5.262794	6.360028	4.167962	19.068398000000002	17.472282999999997	1.444986	1.446095	1.359235
chr8	101961681	101966335	ENSG00000164924	*	14.303503	11.11784	6.797184	7.805200999999999	5.0664419999999994	23.804485	21.380965	1.458092	1.494124	1.357115
chr8	103665394	103669648	ENSG00000155090	*	10.808950999999999	7.584405	5.076498	5.6216349999999995	3.568915	14.370145999999998	12.929142	1.3588129999999998	1.402831	1.260239
chr8	128745874	128752436	ENSG00000136997	*	9.103492999999999	7.2362649999999995	5.867271	5.6544620000000005	3.6044129999999996	13.819459	13.04873	1.043882	1.063046	1.135411
chr9	2014163	2018398	ENSG00000080503	*	10.622050999999999	8.322488	5.01351	5.724169	3.668217	14.944628	13.473379999999999	1.437509	1.462391	1.30218
chr9	3524213	3529327	ENSG00000080298	*	6.069230999999999	5.093385	3.9032690000000003	4.2025310000000005	2.69248	10.644910000000001	9.771863	1.370299	1.4008120000000002	1.26656
chr9	20620638	20625116	ENSG00000171843	*	7.4119589999999995	6.032197	4.5103810000000015	4.838247	3.1484360000000002	11.425432	9.713378	1.437994	1.496282	1.276282
chr9	34123405	34127663	ENSG00000198876	*	5.709306	5.110108	3.8890089999999997	3.877133	2.654999	10.363443	9.536553	1.367492	1.402567	1.309244
chr9	75766402	75770928	ENSG00000135046	*	1.341842	1.395892	1.698431	1.538913	1.2293100000000001	1.451938	1.635679	1.2502229999999999	1.288632	1.19066
chr9	80643276	80649084	ENSG00000156052	*	6.743841000000001	5.438291	3.839611	4.3177439999999985	2.9092759999999998	11.86528	10.877835000000001	1.339783	1.461877	1.27325
chr9	91924598	91930492	ENSG00000123975	*	5.625493	4.887464	3.715475	4.0203419999999985	2.697543	11.29781	10.175349	1.400306	1.4542979999999999	1.326922
chr9	93563309	93568381	ENSG00000165025	*	2.8498360000000003	2.408374	2.341641	2.3176080000000003	1.5950520000000001	4.3790429999999985	4.267233999999999	1.161851	1.235798	1.205701
chr9	98267700	98274150	ENSG00000185920	*	9.212969000000001	7.415225	4.962955	5.271421	3.470999	12.633021000000001	12.312835	1.046735	1.0472629999999998	1.114023
chr9	99178091	99182472	ENSG00000165244	*	9.871260000000001	7.674612	4.5208840000000015	5.438544	3.4692260000000004	15.74616	14.478319	1.385167	1.397765	1.348802
chr9	100743501	100749082	ENSG00000136938	*	7.805553	5.9188279999999995	3.653135	4.200482	2.715135	11.973124	11.14574	1.35214	1.423725	1.317364
chr9	102580994	102587454	ENSG00000119508	*	8.355597	6.870125	4.842345	4.987768	3.10858	11.211764	10.211985	1.28547	1.3168030000000002	1.226444
chr9	106853975	106858832	ENSG00000136824	*	3.3510459999999997	3.071915	3.087647	3.0760240000000003	2.068198	7.566833	6.855952	1.240861	1.261315	1.221379
chr9	123637534	123642397	ENSG00000119403	*	5.4051800000000005	4.351868	3.0497810000000003	3.4238169999999997	2.288253	7.526192	7.377019000000001	1.2895299999999998	1.313473	1.270729
chr9	131936094	131941195	ENSG00000188483	*	6.734814	5.594804	3.6054449999999996	3.813607	2.32147	6.042457	6.460088	1.163278	1.144815	1.117545
chr9	132800561	132806315	ENSG00000187239	*	6.393623000000001	5.1808629999999996	3.863001	4.088649	2.711478	10.690292	9.941487	1.163081	1.186445	1.125286
chrX	12988821	12997371	ENSG00000205542	*	2.772174	2.723221	2.450409	2.321381	1.6689919999999998	4.552067	4.412376999999999	1.160139	1.22297	1.1192950000000002
chrX	38660411	38666630	ENSG00000165175	*	4.947042	4.0864220000000016	3.061473	3.239048	2.1676640000000003	7.5114529999999995	7.195048	1.169382	1.204018	1.155116
chrX	39954458	39958977	ENSG00000183337	*	6.425562	5.091187000000001	3.2098419999999996	3.4587230000000004	2.428879	8.393084	8.039094	1.2055770000000001	1.2159149999999999	1.1666450000000002
chrX	40032707	40037748	ENSG00000183337	*	4.210041	3.5103459999999997	2.426898	2.78234	1.78922	5.32484	5.080236	1.16047	1.189229	1.135235
chrX	41189787	41195823	ENSG00000215301	*	5.180937999999999	4.465712	3.3196269999999997	3.517879	2.3102240000000003	8.627234999999999	7.577696	1.204074	1.204212	1.138047
chrX	47049696	47054637	ENSG00000130985	*	4.555516000000001	4.174239	3.282973	3.3653120000000003	2.247229	8.121428	7.332944	1.160359	1.147845	1.133765
chrX	53709291	53714085	ENSG00000086758	*	4.818423	4.226338	3.267957	3.520853	2.328188	8.900521000000003	8.054188	1.165303	1.1782780000000002	1.167452
chrX	70327251	70332527	ENSG00000147168	*	2.180107	2.206941	2.288601	2.028191	1.522935	3.656195	3.5367300000000004	1.186144	1.209417	1.1491040000000001
chrX	77359101	77363381	ENSG00000102144	*	3.740872	3.5411629999999996	3.0978470000000002	3.2398569999999998	2.234328	8.307682000000002	7.450842999999999	1.211816	1.236394	1.1686
chrX	123093201	123097890	ENSG00000101972	*	4.888982	4.1829160000000005	3.354567	3.661121	2.354159	8.548010000000001	7.927491000000001	1.195846	1.241565	1.169154
chrX	128912933	128917612	ENSG00000122122	*	3.03045	2.658716	2.7033400000000003	2.3636	1.7849150000000003	4.7853309999999984	4.7757520000000016	1.215956	1.246378	1.194926
