chrom	start	end	name	strand	Jurkat_DMSO_H3K4me3	Jurkat_OCIR_H3K4me3	Jurkat_PM_H3K4me3	Jurkat_RY_H3K4me3	Jurkat_DMSO_24H_H3K4me3	Jurkat_PBIT_5H_H3K4me3	Jurkat_PBIT_24H_H3K4me3	Loucy_DMSO_24H_H3K4me3	Loucy_PBIT_5H_H3K4me3	Loucy_PBIT_24H_H3K4me3
chr1	1240433	1245672	Jurkat_peak_56	.	12.37849	9.101411	5.3604519999999996	5.8566650000000005	4.010463	18.285557999999998	16.328893	1.242113	1.325995	1.207918
chr1	1819692	1824249	Jurkat_peak_114	.	11.48015	8.866161	4.9332600000000015	5.696765	3.910503	19.714261999999998	16.82219	1.351104	1.400392	1.2944229999999999
chr1	6050221	6055614	Jurkat_peak_233	.	9.643661999999999	7.471042999999999	4.589156	4.971922	3.3948410000000004	13.562797	12.174068	1.264965	1.286652	1.208619
chr1	8934800	8940723	Jurkat_peak_340	.	9.031989	7.416136999999999	5.250035	5.323962	3.3348519999999997	15.895723	14.191754000000001	1.405881	1.461748	1.287898
chr1	15850036	15854495	Jurkat_peak_610	.	9.629783999999999	7.7024539999999995	5.305892	5.818127	3.7847800000000005	16.334381	14.536361	1.2423879999999998	1.27191	1.201531
chr1	17763142	17767284	Jurkat_peak_709	.	10.612105	8.612433	5.528036	6.342219	3.9135989999999996	19.84378	17.331945	1.395528	1.470805	1.247744
chr1	27018508	27026340	Jurkat_peak_1118	.	9.380545	7.1991309999999995	4.66464	5.199791	3.309582	14.872935	13.58504	1.357581	1.416009	1.299316
chr1	27112236	27116386	Jurkat_peak_1125	.	7.2672229999999995	6.23799	4.575817	4.9012199999999995	3.006681	11.892417	11.094744	1.290912	1.39847	1.258269
chr1	28831397	28837000	Jurkat_peak_1239	.	7.327175	6.56791	6.004412	6.394769	3.752407	18.988259	16.626967999999998	1.383737	1.400993	1.339197
chr1	32395851	32405805	Jurkat_peak_1362	.	3.965289	3.2479009999999997	2.981675	2.7816389999999998	1.964593	6.2555760000000005	5.885119	1.186221	1.210756	1.216334
chr1	32715257	32719473	Jurkat_peak_1390	.	2.9197420000000003	2.670096	2.409608	1.997675	1.5006270000000002	2.7738370000000003	2.953191	1.209465	1.221043	1.191657
chr1	32737831	32742269	Jurkat_peak_1395	.	6.942711999999999	5.780406	3.9009970000000003	4.1374499999999985	2.74125	10.426397	9.997436	1.0987870000000002	1.12432	1.135024
chr1	33280956	33285333	Jurkat_peak_1429	.	11.136952	9.063759	6.460044	6.93498	4.507835	22.138354999999997	19.576901	1.416021	1.4686139999999999	1.355445
chr1	38154932	38159541	Jurkat_peak_1567	.	11.189766	9.324333	5.967333999999999	6.560204	4.164912	18.487182	16.707306000000006	1.3326209999999998	1.375713	1.279898
chr1	42381474	42386136	Jurkat_peak_1777	.	4.635551	3.9292540000000002	3.332068	3.736733	2.188574	6.8279119999999995	7.063874	1.1792719999999999	1.209182	1.1907290000000001
chr1	43146441	43150640	Jurkat_peak_1811	.	9.199910000000001	7.450872	5.467262	6.099593	3.738857	18.592568	17.002369	1.328934	1.453562	1.287402
chr1	46150078	46155243	Jurkat_peak_1946	.	8.893417999999999	8.094811	6.347878	7.045672	4.248005	20.8941	18.312557	1.365504	1.438805	1.315821
chr1	46595519	46599839	Jurkat_peak_1958	.	7.801839999999999	6.735422	5.495936	5.854508999999999	3.525935	15.264477	14.749079	1.374332	1.385833	1.319194
chr1	46766278	46771107	Jurkat_peak_1967	.	13.506585999999999	10.599272000000001	7.00557	7.300742999999999	4.941394	24.677410000000002	21.335539999999998	1.435625	1.4859069999999999	1.368531
chr1	47688798	47699151	Jurkat_peak_2006	.	4.3016760000000005	3.854132	2.947029	2.978934	2.011473	6.028102	6.09845	1.044075	1.06673	1.12732
chr1	51433041	51437868	Jurkat_peak_2042	.	8.9214	7.429956	5.209669	5.873448000000001	3.530595	16.216254	14.211642000000001	1.465005	1.499982	1.348432
chr1	52519415	52523999	Jurkat_peak_2073	.	8.343544	7.539891000000001	6.108029	6.725095	4.018161	18.350421	16.052937999999994	1.3918540000000001	1.4682899999999999	1.368128
chr1	53790753	53795264	Jurkat_peak_2117	.	13.582498999999999	10.409471	6.218108999999999	7.213918	4.3025400000000005	20.367663	17.395248000000002	1.317307	1.350266	1.244586
chr1	54869365	54873882	Jurkat_peak_2162	.	8.477081	6.741747	3.9436970000000002	4.3103940000000005	3.020308	13.421142999999999	11.594941	1.294508	1.334107	1.1962409999999999
chr1	62900959	62905464	Jurkat_peak_2308	.	10.317929	8.091384	6.009135	6.5183349999999995	4.054924	20.351128	17.707752	1.35996	1.420384	1.366829
chr1	67893227	67897799	Jurkat_peak_2392	.	9.176587	7.927217	5.496832	6.137982	3.5518589999999994	17.666091	15.322729	1.386477	1.505809	1.326857
chr1	76249986	76255318	Jurkat_peak_2476	.	3.986885	3.9500839999999995	4.528715	4.673266	2.776837	11.70445	11.067102	1.238732	1.273005	1.229445
chr1	87793318	87798123	Jurkat_peak_2611	.	8.705935	7.060344000000001	5.067182	5.671536	3.455106	13.687626000000002	12.819229	1.150708	1.164137	1.215537
chr1	92948704	92953434	Jurkat_peak_2730	.	9.977528999999999	7.790108	5.085015	6.092896	3.418218	13.484773	13.42467	1.380842	1.416657	1.2959200000000002
chr1	113160134	113164552	Jurkat_peak_3218	.	8.137255999999999	7.113372999999999	5.782814	6.446866	3.8671900000000003	18.308902	16.139727999999998	1.363585	1.404781	1.270601
chr1	114471109	114475996	Jurkat_peak_3248	.	7.803411	6.659478	4.756408	5.298896	3.3317550000000002	14.454035000000001	13.273654999999998	1.2923799999999999	1.3320040000000002	1.297878
chr1	115296709	115301366	Jurkat_peak_3277	.	5.919373	5.1493660000000006	4.536143	4.383303	2.8535939999999997	11.665788000000001	10.76348	1.272458	1.363029	1.2607709999999999
chr1	116183825	116187999	Jurkat_peak_3309	.	7.991557000000001	6.306353	4.26657	4.764081	3.166958	13.746209	12.259744	1.264071	1.3036809999999999	1.241317
chr1	117296561	117301372	Jurkat_peak_3361	.	1.215848	1.210313	1.413349	1.147383	1.0913700000000002	1.3897760000000001	1.3281120000000002	1.049239	1.057852	1.123791
chr1	118147752	118152965	Jurkat_peak_3397	.	5.662648	4.89456	3.409098	3.519108	2.510659	8.098421	7.674736	1.320178	1.337602	1.277134
chr1	149856116	149860916	Jurkat_peak_3654	.	4.4232260000000005	4.131296	3.288093	3.814564	2.1671150000000003	6.838375999999999	7.277595	1.307146	1.28296	1.201482
chr1	150335407	150339671	Jurkat_peak_3684	.	7.176842999999999	6.65424	6.074990000000001	6.596555	3.7849180000000002	17.601876	15.809979	1.3701530000000002	1.4624620000000002	1.286003
chr1	151030023	151034427	Jurkat_peak_3722	.	7.150980000000001	5.956212	4.7828230000000005	5.070883	3.397375	13.742589	12.23023	1.336847	1.346194	1.275566
chr1	154190987	154195441	Jurkat_peak_3847	.	8.652133000000001	6.822277000000001	5.532842	5.696935	3.6029910000000003	17.379291000000002	14.966298000000002	1.349167	1.451206	1.328247
chr1	154296963	154301911	Jurkat_peak_3853	.	8.855972000000003	6.916727000000001	4.571897	4.646077	3.2817190000000003	12.727068	11.433446	1.30338	1.3617350000000001	1.26355
chr1	154971432	154975992	Jurkat_peak_3896	.	6.112121	4.754645	3.5811870000000003	3.557175	2.309957	5.822223999999999	5.898337000000001	1.2242600000000001	1.217352	1.186909
chr1	155943954	155950368	Jurkat_peak_3972	.	7.198842999999999	6.119073	4.19025	4.088547	2.8351	11.281642999999999	10.150250999999999	1.431601	1.450573	1.3237
chr1	156695379	156699689	Jurkat_peak_4041	.	7.755134	6.604088000000001	5.250776999999999	5.420142	3.4505449999999995	15.247611	13.833322	1.365976	1.408572	1.3214860000000002
chr1	156716551	156723352	Jurkat_peak_4043	.	8.368934	6.695311	5.254011	5.185055	3.4357900000000003	15.222139000000002	13.998994	1.4584469999999998	1.475575	1.317281
chr1	158322701	158328040	Jurkat_peak_4119	.	1.151334	1.0990540000000002	1.236322	1.096831	1.041372	1.243082	1.188461	1.075159	1.081212	1.192114
chr1	158978425	158984350	Jurkat_peak_4152	.	1.635409	1.751146	2.322064	2.145622	1.51244	3.6807160000000003	3.6253089999999997	1.282827	1.336288	1.217652
chr1	160676901	160682289	Jurkat_peak_4222	.	1.356739	1.39808	1.629752	1.343983	1.157459	1.5380200000000002	1.533356	1.132257	1.187327	1.178926
chr1	167596834	167602434	Jurkat_peak_4434	.	3.8330949999999997	3.4975940000000003	2.934345	2.95857	1.951988	6.266071	6.2814239999999995	1.352884	1.3514629999999999	1.2958399999999999
chr1	169677283	169681507	Jurkat_peak_4516	.	1.187537	1.182725	1.323659	1.226884	1.116062	1.5051219999999998	1.452199	1.304366	1.359155	1.336314
chr1	173834589	173840442	Jurkat_peak_4589	.	6.294099	5.383463	4.276262	4.678105	2.844558	12.182032000000001	11.200059	1.3224120000000001	1.325289	1.292851
chr1	183601393	183606021	Jurkat_peak_4752	.	7.104207000000001	5.821822	4.143557	4.4364930000000005	3.064422	13.141577999999999	11.746174	1.3332620000000002	1.3649229999999999	1.271995
chr1	185284017	185288288	Jurkat_peak_4790	.	8.312124	6.699261	4.529269	5.043337	3.24595	14.707310000000001	13.067683	1.34336	1.412871	1.2510709999999998
chr1	198125292	198129984	Jurkat_peak_4853	.	9.248586999999999	7.796966	5.8982589999999995	6.322243	3.838404	17.438202	15.771282999999999	1.422204	1.484241	1.359056
chr1	198606612	198612235	Jurkat_peak_4878	.	1.426954	1.624954	2.4115860000000002	2.123435	1.490584	2.807706	2.997585	1.307842	1.3666989999999999	1.284538
chr1	202126978	202132667	Jurkat_peak_5003	.	5.543023000000001	4.337753	3.259265	3.306139	2.2574349999999996	5.9238230000000005	5.874583	1.387773	1.483762	1.328136
chr1	203594614	203599886	Jurkat_peak_5059	.	7.480614999999999	6.164139	4.884131	4.914019000000001	3.148148	10.861129	11.015715	1.3864040000000002	1.417897	1.287876
chr1	204376467	204381789	Jurkat_peak_5107	.	6.003635	5.12885	3.977101	3.845357	2.580734	9.247386	8.251331	1.459149	1.541087	1.3447559999999998
chr1	206729779	206734367	Jurkat_peak_5214	.	5.185258	4.432225	3.7471089999999996	3.618094	2.463542	7.647891	7.535505000000001	1.347305	1.388112	1.278218
chr1	207223000	207227245	Jurkat_peak_5256	.	8.822147000000003	7.338814	5.962936	6.588469	4.103682	18.347345999999998	16.254282999999997	1.189495	1.217428	1.243874
chr1	226248807	226253324	Jurkat_peak_5648	.	8.686517	7.055435000000001	4.861428	5.3685529999999995	3.6080059999999996	16.709073	14.822341	1.505902	1.533385	1.413456
chr1	228268732	228273025	Jurkat_peak_5726	.	14.844647	11.568785	6.609436	7.534231	5.00725	25.52047	22.719428	1.3710120000000001	1.441298	1.311743
chr1	228326711	228332283	Jurkat_peak_5733	.	8.403508	6.778103	4.534179	4.607029	3.064279	12.041825	10.97063	1.226091	1.253608	1.23189
chr1	230201870	230206756	Jurkat_peak_5838	.	8.550374	6.924144999999999	4.595863	5.0302690000000005	3.3532550000000003	15.864507999999999	14.24876	1.3085	1.3525989999999999	1.2118799999999998
chr1	234739306	234749485	Jurkat_peak_6043	.	5.302361	4.475886	3.3923330000000003	3.448921	2.168708	7.167853	7.078886	1.333423	1.352881	1.2405979999999999
chr1	235488352	235493550	Jurkat_peak_6088	.	10.100288	8.750810999999999	5.969453	6.274135	4.216737	21.333703	17.745507	1.406041	1.449086	1.344344
chr1	245024550	245028867	Jurkat_peak_6214	.	10.625314	8.180208	5.451423999999999	6.2336279999999995	3.8689440000000004	19.396785	17.369185	1.421285	1.453671	1.333435
chr10	6242205	6246629	Jurkat_peak_6472	.	9.866184	7.532064	4.587947	5.3021139999999995	2.935589	10.247414	10.105897	1.283034	1.3166069999999999	1.2359229999999999
chr10	6618148	6624178	Jurkat_peak_6501	.	4.999113	4.4132060000000015	3.42193	3.62932	2.295989	7.640608	7.407361	1.313239	1.372878	1.311468
chr10	8095073	8100493	Jurkat_peak_6564	.	9.520439	8.027686	5.530627	5.943132	3.6956059999999997	14.548997	14.520006	1.439219	1.4469049999999999	1.33921
chr10	11204778	11209871	Jurkat_peak_6606	.	3.02583	2.644297	2.622035	2.2546980000000003	1.574077	2.867292	3.2784949999999995	1.338897	1.400244	1.29331
chr10	12236215	12240488	Jurkat_peak_6659	.	8.023202000000001	7.194623	6.483855	6.982875	4.1574810000000015	19.544467	17.628393	1.329708	1.402948	1.313597
chr10	13387895	13392281	Jurkat_peak_6701	.	9.035717	7.5535190000000005	5.704377	6.194632	3.692947	16.908907	15.683301	1.361538	1.397786	1.3087540000000002
chr10	17268937	17273375	Jurkat_peak_6791	.	9.658558	8.093383	4.9335520000000015	5.573497	3.4549019999999997	13.826286999999999	13.176096	1.398512	1.441881	1.295194
chr10	17684666	17688957	Jurkat_peak_6802	.	6.287528	6.158481	6.250135	6.539969	3.9071480000000003	19.312226000000003	17.11816	1.341019	1.3886120000000002	1.328647
chr10	26726131	26731600	Jurkat_peak_6935	.	3.206041	2.729886	2.4335970000000002	2.746656	1.798618	4.978073	4.759642	1.086811	1.112322	1.1773870000000002
chr10	27441201	27446459	Jurkat_peak_6964	.	8.605404	7.643911	5.965358	6.533987000000001	4.1314720000000005	19.010109	17.1255	1.385185	1.445708	1.276384
chr10	27528719	27532979	Jurkat_peak_6966	.	8.849502000000003	7.427778999999999	5.582523999999999	6.318401000000001	3.732104	17.173014000000002	15.579560999999998	1.338327	1.405741	1.277616
chr10	31606710	31610931	Jurkat_peak_7078	.	14.292829999999999	10.903846000000001	6.523661	7.517616	4.7275589999999985	22.734184	20.332548000000003	1.451631	1.441789	1.320195
chr10	43890203	43894388	Jurkat_peak_7238	.	6.4670510000000005	5.532389	3.8340919999999996	3.804795	2.6049230000000003	10.291622	9.602135	1.309569	1.352398	1.1891100000000001
chr10	43900300	43905939	Jurkat_peak_7241	.	10.041832000000001	8.642064000000001	5.4135349999999995	6.010121	3.786922	17.635943	16.346134	1.376479	1.467899	1.301909
chr10	52381518	52385836	Jurkat_peak_7464	.	13.057037	10.318641	5.625341000000001	6.792789999999999	4.3343310000000015	19.035472	17.557714999999998	1.34562	1.39551	1.275614
chr10	60025375	60030288	Jurkat_peak_7491	.	8.86329	7.2289259999999995	5.559439	5.901361	3.738307	16.948299	15.829492000000002	1.303034	1.351748	1.227411
chr10	61663960	61668502	Jurkat_peak_7504	.	8.818273999999997	6.951467999999999	4.887499	5.1725129999999995	3.474368	14.801306	13.588645000000001	1.266718	1.315346	1.262561
chr10	63656339	63665205	Jurkat_peak_7544	.	4.421149	4.1344910000000015	4.181842	4.3595799999999985	2.616821	9.422667	8.892696	1.274431	1.318568	1.2398799999999999
chr10	65024606	65029675	Jurkat_peak_7599	.	2.121843	2.198728	2.9052729999999998	2.6636800000000003	1.760377	4.834872	4.9543789999999985	1.283042	1.295304	1.260462
chr10	75004039	75008372	Jurkat_peak_7827	.	5.223539	4.6083300000000005	4.299462	4.152272	2.650725	9.5307	9.155695	1.324832	1.3277370000000002	1.304092
chr10	89621026	89628837	Jurkat_peak_8097	.	6.058441	5.18844	4.468521	4.4009540000000005	2.747366	10.679152	9.870913999999999	1.247155	1.281212	1.227686
chr10	93556141	93560364	Jurkat_peak_8210	.	6.26276	5.547218	4.0499170000000015	4.582025	2.948801	12.375867	11.293331	1.332929	1.352625	1.236183
chr10	94350505	94354836	Jurkat_peak_8226	.	7.078722	6.462144	5.269757	5.947684	3.6127160000000003	16.136031	14.659096	1.390893	1.429053	1.268973
chr10	98063636	98070185	Jurkat_peak_8305	.	1.401733	1.333593	1.559289	1.378283	1.160181	1.627459	1.6757490000000002	1.065177	1.066835	1.167646
chr10	101943395	101947885	Jurkat_peak_8425	.	6.741585000000001	6.282948	4.950093	5.4077589999999995	3.4593059999999998	15.461641	14.162467000000001	1.319491	1.379307	1.302001
chr10	102105449	102110186	Jurkat_peak_8430	.	7.518785	6.229838	4.3204769999999995	4.614723000000001	3.097544	12.795716	12.080017999999999	1.370049	1.387896	1.34372
chr10	103876602	103881497	Jurkat_peak_8523	.	6.296998	5.260708	3.416462	3.6227160000000005	2.3271490000000004	8.837252000000001	7.927206	1.264568	1.311013	1.255521
chr10	104260897	104265197	Jurkat_peak_8550	.	9.069911	7.749217999999999	5.731031	6.133449	3.9282760000000003	16.762549	14.765142	1.340581	1.389706	1.2695459999999998
chr10	104401488	104406898	Jurkat_peak_8553	.	12.205644	9.542391	5.9980459999999995	6.8571800000000005	4.161772	17.500988	17.064942000000002	1.4489100000000001	1.5105650000000002	1.352223
chr10	111967008	111972336	Jurkat_peak_8685	.	8.165225999999999	6.8460600000000005	4.852229	5.317129	3.057286	10.599046000000001	10.33608	1.296036	1.354534	1.228313
chr10	120965527	120969861	Jurkat_peak_8941	.	8.192436	6.254013	4.260408	4.601806	3.017261	11.791352	10.953315	1.282035	1.306633	1.192213
chr10	124133499	124139298	Jurkat_peak_9028	.	5.176519	4.1485449999999995	2.9285620000000003	3.228273	2.248526	8.358167	7.676599	1.056433	1.07892	1.162352
chr10	126428450	126433623	Jurkat_peak_9123	.	7.69503	5.870457	4.373799	4.5259089999999995	2.814125	11.987810000000001	10.611144	1.247279	1.2728	1.255897
chr11	840316	845176	Jurkat_peak_9420	.	10.820985	8.206422	4.9544890000000015	5.129055	3.606474	15.031011	13.879520000000001	1.2393020000000001	1.277341	1.2137280000000001
chr11	3009018	3014695	Jurkat_peak_9502	.	7.700935	6.440418	4.8934510000000015	5.035018	3.25963	14.542720999999998	12.637539	1.335234	1.391216	1.316504
chr11	3858176	3863452	Jurkat_peak_9541	.	6.747578	5.678977	3.9851620000000003	4.1072950000000015	2.750423	10.790171	10.209076	1.2723209999999998	1.308296	1.256816
chr11	3875194	3882469	Jurkat_peak_9543	.	4.121734	3.606156	2.637255	2.648352	1.8793240000000002	5.8264830000000005	5.597118	1.271602	1.307164	1.240586
chr11	10323988	10330891	Jurkat_peak_9687	.	4.556356	3.890966	3.138696	2.970727	1.695801	3.6109370000000003	4.015786	1.26927	1.30419	1.261476
chr11	14664030	14668371	Jurkat_peak_9831	.	10.354731	7.744304	4.91316	5.551003	3.496607	15.590207999999999	13.829873000000001	1.418721	1.455585	1.379629
chr11	17297181	17302663	Jurkat_peak_9864	.	5.255664	4.451073	3.6674269999999995	3.724188	2.3564849999999997	8.266221	7.752828999999999	1.329046	1.387274	1.272069
chr11	44586309	44591851	Jurkat_peak_10207	.	3.599082	3.024766	2.323461	2.331084	1.711007	3.705508	3.4214589999999996	1.322003	1.375672	1.235182
chr11	57099635	57104295	Jurkat_peak_10394	.	5.377831	4.579242	3.505119	3.5753269999999997	2.382211	8.934398999999997	8.201526000000001	1.22809	1.243278	1.250268
chr11	58340762	58348513	Jurkat_peak_10430	.	5.454039	4.657228	3.9511339999999997	3.8903239999999997	2.61682	10.316905	9.390206	1.269455	1.277389	1.2452299999999998
chr11	58909399	58913663	Jurkat_peak_10439	.	6.543476	5.644151	4.847571	4.914033	3.154557	11.521281	10.830724	1.379795	1.386519	1.281404
chr11	61594139	61599492	Jurkat_peak_10553	.	8.405552	7.456439	4.745108	5.047475	3.1629150000000004	13.430406	12.308621	1.394523	1.425511	1.278024
chr11	62492131	62497576	Jurkat_peak_10598	.	9.595433	7.841422000000001	6.1955029999999995	6.460148	4.200601	18.963612	16.817477	1.4040780000000002	1.503371	1.3241370000000001
chr11	62605436	62610325	Jurkat_peak_10612	.	7.711842	6.473578	4.516358	4.289364	3.1428119999999997	14.321245999999999	13.101621000000002	1.293765	1.306802	1.21642
chr11	62620843	62625438	Jurkat_peak_10614	.	6.779086	6.319857	5.924486	6.468632	3.696513	17.320022	15.635803	1.359473	1.404082	1.273626
chr11	65336229	65344838	Jurkat_peak_10786	.	8.713909000000001	7.098535000000001	4.895129	4.9855909999999986	3.265908	12.678255	11.777661	1.277443	1.319051	1.241364
chr11	65379659	65385307	Jurkat_peak_10788	.	10.803848	8.893613	5.5047440000000005	5.719915	4.200927	19.594352999999998	16.931743	1.344858	1.461682	1.307124
chr11	65623244	65629762	Jurkat_peak_10806	.	13.134037	10.568274	6.423481	7.408063	4.6782520000000005	22.930263	20.062076	1.393759	1.4525569999999999	1.325666
chr11	65654251	65659252	Jurkat_peak_10810	.	9.604632	7.70481	4.8064290000000005	5.573499	3.4219459999999997	13.775578	12.956171000000001	1.307586	1.387009	1.269692
chr11	67033314	67040190	Jurkat_peak_10916	.	5.964047	4.703674	3.544525	3.095944	2.242097	7.6570100000000005	6.927817999999999	1.337998	1.368756	1.291151
chr11	67203208	67208031	Jurkat_peak_10935	.	9.655244999999999	7.707534	4.943911	5.077184	3.479753	11.424126	10.65364	1.280191	1.329546	1.2830979999999998
chr11	72523585	72528298	Jurkat_peak_11123	.	10.13601	8.397148999999999	5.414098	5.731776	3.6553459999999998	14.272789999999999	13.025565	1.369815	1.450433	1.354703
chr11	73690878	73695618	Jurkat_peak_11167	.	5.954596	5.337431	3.8884160000000003	4.056498	2.532924	9.34784	9.075639	1.318289	1.32606	1.26504
chr11	93471383	93476013	Jurkat_peak_11430	.	6.277831	5.778911	5.093158	5.294376000000001	3.2540459999999998	14.83195	13.30955	1.285937	1.371185	1.279301
chr11	108091483	108096388	Jurkat_peak_11578	.	6.233416	5.84096	5.418268	5.496384	3.3132099999999998	15.117514000000002	13.149566	1.26644	1.338983	1.261101
chr11	117693624	117697992	Jurkat_peak_11767	.	1.41723	1.329651	1.323575	1.160454	1.063627	1.21282	1.238006	1.127285	1.131609	1.139468
chr11	118209258	118217995	Jurkat_peak_11811	.	3.9339169999999997	3.6237980000000003	3.8585589999999996	3.411051	2.258147	6.812202	6.401164	1.315418	1.3644459999999998	1.288404
chr11	118269741	118274214	Jurkat_peak_11817	.	5.943524	5.4070160000000005	4.562539	4.8563529999999995	3.186787	13.582042000000001	11.458396	1.255224	1.28804	1.226808
chr11	118304634	118311162	Jurkat_peak_11819	.	8.189194	6.772419	4.582121	4.787332	2.977786	11.992937	10.625073	1.366175	1.405301	1.301931
chr11	122930305	122935567	Jurkat_peak_11982	.	7.619178999999999	6.4196919999999995	5.115577	5.495585	3.340841	15.729852	13.828299	1.394982	1.3549879999999999	1.2994
chr11	128384209	128393809	Jurkat_peak_12133	.	3.507544	3.203974	3.020384	2.775294	1.9382979999999999	5.271512	5.161716	1.312575	1.381484	1.311832
chr11	134092434	134097134	Jurkat_peak_12285	.	11.339487	8.937425000000003	5.783217	6.4079690000000005	4.125412	18.951994	17.142692999999998	1.3393629999999999	1.4024159999999999	1.246997
chr11	134142479	134147396	Jurkat_peak_12294	.	4.242408999999999	3.557928	3.183734	3.077973	2.021558	6.156837	6.239934	1.1448129999999999	1.177075	1.162785
chr12	859310	864810	Jurkat_peak_12372	.	8.594714999999999	6.835732000000001	4.7575090000000015	5.368885	3.2183770000000003	12.711575	12.172004	1.408963	1.427517	1.383604
chr12	4377837	4383375	Jurkat_peak_12478	.	6.455228	5.489491	3.6873980000000004	4.220699	2.420753	8.258723	8.170269000000001	1.2088809999999999	1.246075	1.169809
chr12	6444177	6451973	Jurkat_peak_12530	.	5.323494	4.787369	3.5218599999999998	3.3343849999999997	2.347897	8.336647	7.505812	1.3541809999999999	1.37596	1.2888540000000002
chr12	6641136	6646912	Jurkat_peak_12543	.	10.113358999999999	7.490454	5.195583999999999	5.240464	3.456867	14.606815	13.253014000000002	1.389219	1.435728	1.30313
chr12	6711974	6717585	Jurkat_peak_12551	.	6.436521	5.130568	3.637854	3.535328	2.517444	9.519216	8.751130999999999	1.322711	1.344263	1.282844
chr12	6958848	6963090	Jurkat_peak_12580	.	8.519860000000001	7.293578999999999	5.154804	5.691829	3.6067120000000004	13.675009	12.167461	1.3193	1.370468	1.299334
chr12	9909924	9914933	Jurkat_peak_12679	.	1.91712	2.0299080000000003	2.545287	2.43352	1.6259709999999998	2.879397	3.164743	1.160583	1.142728	1.140463
chr12	10017555	10023221	Jurkat_peak_12686	.	1.835534	1.8685310000000002	3.031457	2.694424	1.6410049999999998	3.7568940000000004	3.962534	1.144013	1.151934	1.140978
chr12	12867149	12880156	Jurkat_peak_12808	.	6.7650619999999995	5.666322	4.421814	4.729213	2.895986	11.186601	10.14582	1.176387	1.193582	1.128301
chr12	15108479	15116346	Jurkat_peak_12866	.	2.795321	2.780728	3.0853639999999998	2.809313	1.9446259999999997	5.215186	5.113633	1.289323	1.346961	1.265368
chr12	27088412	27094981	Jurkat_peak_12986	.	5.5020739999999995	5.172727	4.119344	4.1378900000000005	2.8072529999999998	11.011316	9.838918	1.3077299999999998	1.3587280000000002	1.25681
chr12	27162435	27168636	Jurkat_peak_12992	.	3.176512	3.04523	2.686288	2.688497	1.905312	5.520178	5.365725	1.248486	1.26108	1.260182
chr12	46118977	46126525	Jurkat_peak_13167	.	8.14613	6.727233	4.929641	5.801743	3.4796400000000003	15.530694	13.931119	1.373212	1.415832	1.310964
chr12	46660107	46664397	Jurkat_peak_13180	.	10.599276	9.19245	5.531409	6.69665	3.8585300000000005	18.436966	15.810903	1.480573	1.5813110000000001	1.4036899999999999
chr12	53892054	53896933	Jurkat_peak_13518	.	9.424192	7.358789999999999	4.9459149999999985	5.565448	3.644545	14.460088	12.703118	1.234022	1.2875219999999998	1.235706
chr12	54671698	54677352	Jurkat_peak_13556	.	5.774744999999999	5.4778910000000005	5.235988	5.464484	3.188989	14.589648	13.591459	1.437815	1.4493129999999999	1.319192
chr12	56319111	56326866	Jurkat_peak_13623	.	7.237412	6.300204	4.844346	5.053393	3.210194	13.088878	12.128533000000001	1.294761	1.334076	1.278678
chr12	57852496	57856966	Jurkat_peak_13725	.	7.213680999999999	5.919089	4.3435570000000014	4.509803	2.974004	9.559784	9.107553	1.214281	1.260127	1.2054799999999999
chr12	57912770	57918490	Jurkat_peak_13731	.	6.789894	5.448193	3.7220730000000004	4.031799	2.744599	9.676212	8.882743	1.264715	1.302558	1.207059
chr12	95944471	95949032	Jurkat_peak_14175	.	2.532089	2.689897	2.858181	2.704575	1.822903	5.347314	5.612186	1.101851	1.096986	1.189275
chr12	98907400	98912625	Jurkat_peak_14226	.	7.597237	6.185772	4.588213	5.022933	3.181526	13.574317	13.078697	1.418344	1.4760030000000002	1.317434
chr12	104322170	104326659	Jurkat_peak_14273	.	7.0500419999999995	6.276337	5.200241	5.520733	3.383399	14.830307000000001	13.315933	1.358347	1.41459	1.284513
chr12	104849720	104855611	Jurkat_peak_14295	.	10.431826	8.595492	5.59344	5.943846	3.814589	16.904007999999994	15.239173000000001	1.452727	1.5022950000000002	1.337977
chr12	107711730	107716269	Jurkat_peak_14389	.	8.921213999999997	7.093472	4.462528	4.949349	2.9332510000000003	8.793921000000001	9.086114	1.250191	1.246716	1.207678
chr12	108952926	108957948	Jurkat_peak_14416	.	9.462317	8.191573	6.304901	6.722264	4.1873369999999985	18.531097	17.058142	1.357788	1.453562	1.3068030000000002
chr12	112277563	112282020	Jurkat_peak_14549	.	8.919805	7.466492	5.757143	6.395316	4.058182	19.449273	17.567272	1.357429	1.399624	1.3041
chr12	120102659	120107095	Jurkat_peak_14707	.	5.348122	4.719531	3.662523	3.856004	2.51357	9.963215	9.321524	1.222214	1.245357	1.210428
chr12	122063671	122068073	Jurkat_peak_14815	.	8.958683	7.1727479999999995	4.6581980000000005	5.123948	3.399542	13.928032	13.506329999999998	1.330196	1.3691229999999999	1.2840559999999999
chr12	122236554	122244857	Jurkat_peak_14836	.	8.224618	6.473186	4.254677	4.619019000000001	2.90688	11.209226	9.993264	1.367342	1.422679	1.307261
chr12	122515818	122521333	Jurkat_peak_14856	.	6.970053999999999	5.688467	3.99556	4.009432	2.622985	10.434492	9.467842	1.285695	1.372441	1.310503
chr12	125397964	125403213	Jurkat_peak_15010	.	7.825308000000001	6.830005	4.612126	5.473306	3.290971	13.330203	11.960375	1.283364	1.262446	1.262817
chr13	22243408	22250174	Jurkat_peak_15302	.	9.388255000000001	7.697710000000001	5.0559400000000005	5.793233	3.5438199999999997	14.15431	13.585182999999999	1.1340540000000001	1.138293	1.149973
chr13	31037216	31041754	Jurkat_peak_15551	.	7.892056	6.49437	4.482565	5.07979	3.145994	15.305464	12.932957	1.3472709999999999	1.395933	1.24447
chr13	31189934	31194134	Jurkat_peak_15560	.	7.499975	6.67208	5.9710540000000005	6.066839	3.7036010000000004	17.059247	15.551157	1.388091	1.380493	1.309258
chr13	37572009	37576505	Jurkat_peak_15648	.	10.435184	8.960329999999997	6.767871	7.627027	4.4801160000000015	22.287872	20.473276000000002	1.3835520000000001	1.388326	1.297384
chr13	39609197	39613996	Jurkat_peak_15656	.	7.73565	6.846939999999999	5.891396	6.268173	3.9427779999999997	18.62838	16.794877	1.290203	1.335812	1.274095
chr13	41632930	41637186	Jurkat_peak_15698	.	12.660002	10.657136999999999	6.603636999999999	7.926089	4.7096089999999995	22.893819	21.013643	1.404552	1.411616	1.320357
chr13	46752500	46757221	Jurkat_peak_15831	.	2.6763	3.053002	3.9496300000000004	3.85995	2.455882	8.926916	8.318921000000001	1.3367069999999999	1.373019	1.298951
chr13	48875720	48880260	Jurkat_peak_15887	.	8.779181000000001	7.781005	5.275169	5.9698080000000004	3.8084830000000003	18.044663	16.095019999999998	1.349189	1.353152	1.3154370000000002
chr13	51481518	51491520	Jurkat_peak_15998	.	4.290671	3.828135	3.2841129999999996	3.230322	2.076179	6.8096	6.619959	1.258344	1.28489	1.275503
chr13	74706589	74710887	Jurkat_peak_16147	.	13.551751999999999	10.531789999999999	6.222399	7.134982000000001	4.633031	21.294759	19.620051999999998	1.383273	1.43658	1.320281
chr13	79977536	79981796	Jurkat_peak_16219	.	8.399014999999999	7.108650999999999	5.889386	6.492432	4.0417570000000005	19.731433	17.481879	1.394936	1.453844	1.300922
chr13	97874030	97878285	Jurkat_peak_16314	.	2.75942	2.702586	3.412609	3.033397	1.9307150000000002	5.237856	5.780694	1.15439	1.180663	1.19943
chr13	100630696	100635233	Jurkat_peak_16400	.	8.465579	6.654225	3.951764	4.099234	2.6572310000000003	9.394916	8.974799	1.045862	1.070283	1.096855
chr13	108863821	108872454	Jurkat_peak_16471	.	5.3260309999999995	4.544646	3.7531260000000004	3.90602	2.550464	9.784403999999999	8.95285	1.152526	1.176555	1.181266
chr13	111363759	111369724	Jurkat_peak_16494	.	14.565245999999998	11.506836	6.9760789999999995	7.879511999999999	5.013292	25.236169	22.450924	1.378587	1.396739	1.285503
chr13	111564293	111569003	Jurkat_peak_16503	.	12.254042	9.026551	5.748295	6.508078	4.186616000000001	20.740331	18.281416	1.351539	1.3853209999999998	1.2716399999999999
chr13	111836402	111842334	Jurkat_peak_16514	.	1.559138	1.545398	1.659434	1.291974	1.108293	1.280672	1.282094	1.134624	1.152089	1.140304
chr13	113860996	113865461	Jurkat_peak_16546	.	14.084073000000002	10.585119	6.177919999999999	7.222954	4.5691370000000004	24.679387	21.004473	1.364959	1.4078190000000002	1.293454
chr13	114894206	114898674	Jurkat_peak_16579	.	5.353839	4.295547	2.814482	2.813156	1.961797	4.6464360000000005	4.750108	1.299849	1.365189	1.289862
chr14	21148416	21153404	Jurkat_peak_16634	.	9.948025	9.270298	7.141601	8.436689999999999	4.70098	20.880093	20.241392	1.359018	1.41749	1.332608
chr14	23586174	23590493	Jurkat_peak_16734	.	2.018768	1.8519970000000001	1.6779080000000002	1.506484	1.202407	1.7690169999999998	1.787061	1.067044	1.068949	1.136971
chr14	45602470	45606841	Jurkat_peak_17023	.	7.701999000000001	6.741297	5.792133	6.1066400000000005	3.78212	16.867103	15.260604999999998	1.328419	1.3815389999999999	1.25478
chr14	54419895	54424386	Jurkat_peak_17173	.	5.545965	4.787941	3.369168	3.779902	2.2552369999999997	7.040808	6.6783399999999995	1.050225	1.0469760000000001	1.124981
chr14	56584209	56588377	Jurkat_peak_17228	.	10.172402	7.813553999999999	5.138169	5.803272	3.6719690000000003	17.243394	15.404986	1.4751	1.524729	1.311008
chr14	58762778	58766932	Jurkat_peak_17295	.	11.397893	9.244271000000001	6.642954	7.472600999999999	4.663345	23.654632	19.678594	1.3951040000000001	1.4234209999999998	1.308503
chr14	60557310	60562457	Jurkat_peak_17327	.	5.2211419999999995	4.7035610000000005	4.400029	4.683382	2.902266	11.592711	10.610819000000001	1.2832780000000001	1.31805	1.258887
chr14	60971665	60980298	Jurkat_peak_17354	.	4.357518	3.65642	2.94112	3.0797790000000003	2.0806150000000003	6.012101	5.829629	1.0663559999999999	1.078967	1.168293
chr14	64967698	64972968	Jurkat_peak_17473	.	10.983725999999999	8.848972999999999	5.626158	6.3244739999999995	3.802114	17.893420000000003	15.126676999999999	1.364981	1.38543	1.301669
chr14	69257992	69263293	Jurkat_peak_17609	.	7.745624	6.250008	4.560727	5.444529	3.115236	11.676872999999999	11.963208999999999	1.4352479999999999	1.4496440000000002	1.338771
chr14	69863311	69867611	Jurkat_peak_17622	.	7.932544	6.882783	5.534783	5.721458	3.747038	17.377844	15.184776000000001	1.365169	1.44612	1.253119
chr14	74218703	74227667	Jurkat_peak_17772	.	4.996218	3.8088580000000003	3.012885	2.913487	1.992937	5.61221	5.393413	1.267551	1.318751	1.225595
chr14	74250900	74255540	Jurkat_peak_17774	.	6.89985	5.592347	4.1403219999999985	4.45734	2.7626009999999996	10.483665	10.113026	1.314384	1.332243	1.277158
chr14	81420766	81426977	Jurkat_peak_17942	.	3.1009700000000002	2.545618	2.314953	2.345213	1.574768	3.7955059999999996	3.85576	1.074927	1.084783	1.170618
chr14	90081139	90086301	Jurkat_peak_18024	.	3.6606989999999997	3.220573	3.191199	3.542104	2.0371170000000003	6.748728	6.449773	1.267146	1.324136	1.2315
chr14	91881603	91885988	Jurkat_peak_18121	.	8.551630000000001	7.186032000000001	4.7442030000000015	5.300848	3.2431200000000002	13.857495000000002	12.878944	1.3239370000000001	1.42406	1.284389
chr14	95998880	96003330	Jurkat_peak_18239	.	9.216202000000001	7.859325	5.432479	5.9410050000000005	3.841271	17.687427	15.539917	1.411753	1.4332559999999999	1.321587
chr14	99730942	99739156	Jurkat_peak_18351	.	6.323182	5.166651	4.0937019999999995	3.9068	2.6888400000000003	10.100186	9.430516	1.2549	1.296813	1.242183
chr14	100531152	100538604	Jurkat_peak_18390	.	1.8972220000000002	1.8088849999999999	2.164539	1.6638929999999998	1.261291	1.559856	1.670734	1.191668	1.246458	1.178248
chr14	103798522	103802798	Jurkat_peak_18522	.	12.021908999999999	9.122682000000001	5.954728	6.663252000000001	3.9180589999999995	20.413075	17.594925	1.400727	1.411959	1.301349
chr14	105218032	105224266	Jurkat_peak_18584	.	8.519528000000001	6.914664	4.570163	4.4891640000000015	3.089905	12.938979	11.547553	1.2433100000000001	1.230911	1.210977
chr15	45489629	45493997	Jurkat_peak_19356	.	8.249692999999999	7.445775	6.12442	6.950177	3.987775	16.858190999999998	15.764581	1.290314	1.320839	1.23295
chr15	50644723	50649920	Jurkat_peak_19433	.	8.929903	7.150684	5.2073849999999995	6.081780999999999	3.619731	18.018829999999998	15.981986	1.425419	1.467971	1.323399
chr15	56533720	56538456	Jurkat_peak_19551	.	5.652639	4.598901000000001	3.34629	3.814943	2.402313	9.378853999999999	8.393767	1.29494	1.309532	1.27085
chr15	57210113	57216545	Jurkat_peak_19596	.	6.528436	5.353301	4.0117650000000005	4.176277	2.819256	12.806244	11.708839	1.268389	1.297823	1.263551
chr15	58300211	58307106	Jurkat_peak_19664	.	1.5499	1.5046460000000002	2.155571	1.743306	1.286391	2.4898919999999998	2.523247	1.084295	1.096845	1.164004
chr15	60881247	60885500	Jurkat_peak_19789	.	10.519772999999999	8.091414	5.257229	6.022216	3.684683	16.896517000000003	15.426706	1.341006	1.344438	1.274542
chr15	62349348	62354046	Jurkat_peak_19814	.	6.409623000000001	5.729991	4.538541	4.885214	3.0636099999999997	12.974155999999999	11.441775	1.234349	1.251974	1.228969
chr15	63480784	63485141	Jurkat_peak_19850	.	5.364433	4.780001	3.5856	3.7253019999999997	2.442095	8.640108999999999	7.9871229999999995	1.229643	1.324347	1.243103
chr15	66992332	66997867	Jurkat_peak_20039	.	9.13945	7.379353999999999	4.64425	5.079756	3.188126	12.386612	11.743149	1.240602	1.27349	1.214248
chr15	67356051	67361069	Jurkat_peak_20065	.	5.8698760000000005	4.3743859999999986	3.124848	3.461375	2.136915	6.483956	6.595246	1.330773	1.361817	1.2505700000000002
chr15	69108418	69114834	Jurkat_peak_20143	.	13.019491	10.195824	6.192875	7.149762	4.550248000000001	23.042967	20.422288	1.439807	1.515836	1.340523
chr15	70386070	70394013	Jurkat_peak_20184	.	8.872432	6.875700999999999	4.3439440000000005	4.967391	3.033481	12.330081	11.637293	1.3759620000000001	1.453393	1.294445
chr15	72518843	72525141	Jurkat_peak_20239	.	8.905086	7.285518	5.162515	5.348418	3.393254	14.79072	13.332832000000002	1.326543	1.346517	1.302504
chr15	74283580	74290163	Jurkat_peak_20305	.	6.501492	5.474698	4.149438	4.2083699999999995	2.8094040000000002	10.913316	9.833801	1.267223	1.329053	1.275334
chr15	75072629	75078268	Jurkat_peak_20357	.	8.206506000000001	6.814959	4.496044	4.6153650000000015	3.088311	12.906929	11.692476	1.356476	1.367391	1.249459
chr15	75742291	75749346	Jurkat_peak_20402	.	12.726115	10.375739	6.04512	6.838433	4.463609	21.543414000000002	18.778304000000002	1.3886290000000001	1.454656	1.310107
chr15	79602748	79607139	Jurkat_peak_20549	.	7.4510309999999995	6.2055050000000005	4.111969	4.509706	2.9535400000000003	12.781137	11.971662	1.195876	1.2387540000000001	1.2190860000000001
chr15	89163939	89168425	Jurkat_peak_20773	.	5.744721	4.930572	3.8623879999999997	3.959136	2.653987	10.415086	9.324755	1.2159870000000002	1.228726	1.196766
chr15	89873040	89879809	Jurkat_peak_20796	.	6.200916	5.047668	3.832086	3.591394	2.3747849999999997	8.535546	7.82867	1.24416	1.25248	1.238199
chr15	90117542	90121723	Jurkat_peak_20809	.	7.140248	6.081734	4.0932580000000005	4.3589	2.867742	12.672325	11.113456	1.2935649999999999	1.348905	1.267335
chr15	90641963	90646309	Jurkat_peak_20832	.	7.565360000000001	5.9541580000000005	3.921561	4.3731589999999985	2.824209	11.593356	11.204174	1.242351	1.286316	1.217465
chr15	90773878	90778475	Jurkat_peak_20845	.	7.521236999999999	6.143816	4.4050189999999985	4.691934	3.055886	11.920967	10.931747	1.218426	1.249995	1.216724
chr15	91472072	91476255	Jurkat_peak_20897	.	7.745082000000001	6.858278	4.6784789999999985	5.449971	3.256818	13.013897	12.205172	1.262271	1.282979	1.293544
chr15	93443136	93449897	Jurkat_peak_20948	.	3.122046	3.1611860000000003	3.919085	3.5243889999999998	2.3127299999999997	7.951967999999999	8.014066999999999	1.345727	1.395585	1.313281
chr16	575354	579603	Jurkat_peak_21236	.	13.411813	9.918523	5.993215	6.695863	4.2454540000000005	19.595956	17.002272	1.178919	1.2066139999999999	1.158039
chr16	637400	641567	Jurkat_peak_21240	.	12.926556	9.943478	5.403096	6.483853	4.1984699999999995	19.404377	17.232997	1.183899	1.180988	1.111743
chr16	769197	773366	Jurkat_peak_21262	.	7.7626610000000005	6.312278	3.50015	4.0683159999999985	2.4935240000000003	9.455413	9.470903	1.105908	1.122698	1.089013
chr16	1358155	1362683	Jurkat_peak_21292	.	9.180922	7.225144	5.06323	5.286432	3.3439980000000005	14.939416	12.577747	1.13749	1.18004	1.142108
chr16	2202712	2207761	Jurkat_peak_21347	.	12.524782	10.427489999999999	7.227523	7.6233	4.841711	23.851399	21.460254	1.187011	1.197242	1.1349200000000002
chr16	2800790	2805339	Jurkat_peak_21383	.	9.072650999999999	7.854191999999999	5.526888	5.8550699999999996	3.685808	16.274798999999998	14.636426	1.1840000000000002	1.240689	1.1332229999999999
chr16	4522742	4528196	Jurkat_peak_21489	.	10.518267	8.486730999999999	5.549265	5.791722	3.793712	17.347357000000002	15.680788	1.123536	1.151833	1.1396030000000001
chr16	4662411	4667603	Jurkat_peak_21503	.	9.463266	7.554972	4.4746760000000005	5.031968	3.29481	13.421326	12.609888	1.129783	1.157505	1.119409
chr16	4895653	4899890	Jurkat_peak_21518	.	11.962366000000001	9.449585	5.475964	6.250362	4.188325	20.629615	17.733659	1.15858	1.2267549999999998	1.179822
chr16	9051950	9057242	Jurkat_peak_21565	.	6.158365	5.0660680000000005	4.3580570000000005	4.14839	2.5953660000000003	10.100521	9.423866	1.1001729999999998	1.116801	1.110832
chr16	28995356	28999745	Jurkat_peak_22064	.	4.928674	3.859167	2.922069	2.832598	1.96045	5.106224	4.427682	1.16825	1.170037	1.239411
chr16	29672896	29677927	Jurkat_peak_22088	.	5.901554	4.89459	3.674845	3.604395	2.443823	7.517886	7.141046	1.4687729999999999	1.5036969999999998	1.347704
chr16	30074811	30079213	Jurkat_peak_22123	.	11.649953	8.963799	5.540366000000001	6.050199	4.030687	17.579894	16.031914	1.393542	1.436417	1.287955
chr16	30194044	30199100	Jurkat_peak_22132	.	10.185823	8.662934	5.067177	5.295715	3.597257	15.524113	13.092983	1.398405	1.4155659999999999	1.286497
chr16	30388515	30395196	Jurkat_peak_22143	.	5.404121	4.576377	3.491636	3.431422	2.3310400000000002	6.637428999999999	6.497573	1.198337	1.232566	1.198092
chr16	31082773	31087288	Jurkat_peak_22195	.	11.23569	9.54657	6.851311999999999	7.20115	4.6286879999999995	21.500062	18.791394	1.43994	1.534841	1.314627
chr16	31189876	31194108	Jurkat_peak_22206	.	10.315482000000001	8.551148000000001	5.1954519999999995	5.937178	3.610435	15.982439999999999	14.423445000000001	1.4760149999999999	1.480395	1.3942940000000001
chr16	46721335	46725697	Jurkat_peak_22290	.	11.189127000000001	9.155122	5.893475	6.404319999999999	4.224437	18.74568	16.892288	1.333901	1.384931	1.293827
chr16	54960692	54966310	Jurkat_peak_22448	.	11.314557	8.93469	5.65256	6.318318	3.9499809999999997	18.438235	16.803309	1.420018	1.457301	1.327183
chr16	67594588	67598867	Jurkat_peak_22682	.	10.975802999999999	8.526871	5.3108580000000005	6.158836	3.990307	19.581095	17.707122000000002	1.428795	1.437952	1.30485
chr16	75032106	75036646	Jurkat_peak_22991	.	9.403456	7.285486	5.009115	5.312882	3.579921	16.140202000000002	14.357892000000001	1.464083	1.491986	1.320162
chr16	75678430	75684413	Jurkat_peak_23039	.	8.661785	7.229804	5.303343	5.772648	3.638152	16.080434	14.283879	1.3549950000000002	1.4262059999999999	1.292489
chr16	81037731	81042505	Jurkat_peak_23102	.	9.165444	7.972783	5.602921	6.046714	3.758697	16.637979	14.758374	1.338435	1.307607	1.2962420000000001
chr16	85643645	85650587	Jurkat_peak_23261	.	9.544584	6.8847119999999995	4.37604	4.715781	3.111985	10.831433	10.526956	1.309158	1.367448	1.222302
chr16	88518923	88523296	Jurkat_peak_23347	.	6.6912910000000005	4.990315	3.2873919999999996	3.2703580000000003	2.297918	5.64625	5.413722	1.167865	1.167826	1.125773
chr16	88847200	88852630	Jurkat_peak_23377	.	9.764705000000001	6.972424	4.457585	4.997741	3.2127950000000003	13.147104	12.333219999999999	1.165915	1.171173	1.156605
chr16	89159348	89174273	Jurkat_peak_23400	.	4.2789920000000015	3.833361	2.911889	2.7926960000000003	1.978887	5.483028	5.330169000000001	1.0492059999999999	1.065787	1.08701
chr16	89554507	89558650	Jurkat_peak_23440	.	9.533399000000001	7.512174000000001	4.823398	5.593106	3.556975	17.360001	14.056431	1.168906	1.180133	1.152775
chr17	2301871	2306093	Jurkat_peak_23611	.	12.627393	9.956462	5.707631	6.613957000000001	3.8670720000000003	16.302293	15.121255	1.352608	1.437149	1.312909
chr17	2612183	2616325	Jurkat_peak_23621	.	12.707424000000001	9.586876	5.910466	6.655986	4.237716000000001	18.971729	17.35173	1.309758	1.308244	1.2644030000000002
chr17	3863657	3869188	Jurkat_peak_23680	.	7.393739999999999	6.054178	3.916287	4.0110100000000015	2.74874	9.271896	8.559921000000001	1.370097	1.332194	1.302439
chr17	4841651	4845895	Jurkat_peak_23735	.	9.90035	8.183795	5.380523999999999	6.335591	4.031093	18.220714	16.133224	1.364149	1.421855	1.3053059999999999
chr17	4846859	4854347	Jurkat_peak_23736	.	9.472585	7.363541000000001	4.734321	4.912333	3.182127	13.373257999999998	11.984131	1.360053	1.426792	1.257247
chr17	6914319	6919312	Jurkat_peak_23794	.	10.601941	8.7107	6.012846	6.716294	4.298286	19.085532	17.490596	1.397849	1.410619	1.286562
chr17	7117116	7121867	Jurkat_peak_23809	.	3.4270199999999997	2.885757	2.392746	2.311338	1.620686	3.656276	3.892352	1.1481299999999999	1.1913120000000001	1.173493
chr17	7140678	7146913	Jurkat_peak_23812	.	8.938568	7.097453999999999	4.747641000000001	5.010843	3.4763879999999996	15.125481	13.875473999999999	1.2607620000000002	1.330403	1.2351729999999999
chr17	7474984	7479182	Jurkat_peak_23839	.	11.248399000000001	8.939203	5.544042	5.988451	3.777686	20.374666	17.135738	1.390021	1.321683	1.279745
chr17	7588085	7592965	Jurkat_peak_23853	.	9.499262	8.899237	6.7883830000000005	7.158519	4.399611	20.979759	18.745804	1.397805	1.48256	1.320514
chr17	7743147	7748885	Jurkat_peak_23859	.	9.366717999999999	7.618077	5.091377	4.9349690000000015	3.362804	13.009591	11.635073	1.212393	1.271077	1.161781
chr17	7787118	7792997	Jurkat_peak_23865	.	6.426922	4.9967450000000015	3.311928	3.7352269999999996	2.264137	7.757896000000001	7.183350999999999	1.3178	1.344354	1.2732780000000001
chr17	8021291	8030817	Jurkat_peak_23887	.	8.562417	7.460315	5.282662999999999	5.272737	3.2442900000000003	11.788012	11.049624	1.256375	1.294414	1.22882
chr17	8088883	8094214	Jurkat_peak_23896	.	10.751118	8.901135	5.696929	6.43337	4.05861	18.043789999999998	15.874701000000002	1.282891	1.347528	1.223778
chr17	8149523	8154269	Jurkat_peak_23906	.	9.521313000000001	8.429602000000001	6.504037	6.976004	4.1956380000000015	19.36309	17.158609	1.3015510000000001	1.360663	1.281363
chr17	8283903	8289046	Jurkat_peak_23913	.	6.796849000000001	6.139312	4.8127580000000005	5.10663	3.1954130000000003	13.551796	11.763555	1.2919530000000001	1.324758	1.261849
chr17	16116748	16121964	Jurkat_peak_24049	.	9.140611	7.773556	5.405376	5.873997	3.877225	17.676198	15.730854999999998	1.3525530000000001	1.408489	1.289184
chr17	16944500	16948854	Jurkat_peak_24091	.	6.035204	5.056369	4.033644000000001	3.88527	2.6482	9.621317	8.284006	1.23837	1.266967	1.225499
chr17	18085446	18090288	Jurkat_peak_24157	.	10.004766	8.095187	4.515747	5.228586	3.508414	14.755317999999999	13.089703	1.327155	1.392698	1.3165
chr17	21187254	21191915	Jurkat_peak_24255	.	8.327881999999999	6.5003839999999995	4.357573	4.380368	3.015776	11.403671000000001	10.239644	1.216014	1.232378	1.212258
chr17	26644283	26648523	Jurkat_peak_24364	.	8.415708	7.451835000000001	4.757816	5.401811	3.586383	15.082401999999998	13.210176	1.280716	1.282484	1.261182
chr17	27914170	27921722	Jurkat_peak_24430	.	9.070447	7.349761	4.590345	5.179427	3.241756	13.500751000000001	12.080825	1.249363	1.295045	1.219156
chr17	29148465	29153136	Jurkat_peak_24480	.	5.815587	4.881117	3.745161	3.910655	2.659122	9.957931	8.952142	1.203342	1.229024	1.2408219999999999
chr17	36857396	36864059	Jurkat_peak_24715	.	9.949923	7.9677	5.386133	6.050955999999999	3.5805	15.246580999999999	14.304238	1.395797	1.431802	1.311304
chr17	37024461	37028729	Jurkat_peak_24729	.	10.868299	8.872656	5.695419	6.388617	4.059566	17.581820999999998	16.040317	1.401535	1.4518229999999999	1.317518
chr17	37352149	37358481	Jurkat_peak_24760	.	7.515658	6.132425	4.745242	4.954139	3.191208	13.539534	12.251909	1.278123	1.339081	1.249541
chr17	42293402	42299152	Jurkat_peak_25063	.	11.29851	8.408647	5.2409300000000005	5.982081	3.8965349999999996	16.915457	16.15287	1.337004	1.4135959999999999	1.2496260000000001
chr17	43223620	43228606	Jurkat_peak_25119	.	7.826602	6.774313	5.096616	5.385828	3.3387569999999998	12.667846	12.292492	1.380426	1.400725	1.278248
chr17	43297918	43306865	Jurkat_peak_25125	.	6.503856	5.205214	3.5752870000000003	3.4543550000000005	2.406953	8.365822	8.043546000000001	1.3290799999999998	1.353448	1.273077
chr17	44267230	44273590	Jurkat_peak_25167	.	10.009253	8.376028	5.934949	6.524331	3.994534	18.337597	16.518791999999998	1.310242	1.32655	1.2742360000000001
chr17	46123408	46127560	Jurkat_peak_25263	.	8.959996	7.736739999999999	5.620280999999999	6.011801999999999	3.8978980000000005	18.51108	16.151051000000002	1.378307	1.371481	1.330497
chr17	47072552	47078691	Jurkat_peak_25326	.	6.201325	5.159542	3.7564940000000004	3.6769480000000003	2.524109	9.321306	8.954228	1.057711	1.049234	1.158385
chr17	47837960	47842215	Jurkat_peak_25367	.	5.043929	4.154947	3.165345	3.070839	2.24364	7.690500999999999	6.719129	1.314188	1.337646	1.285792
chr17	48225741	48230070	Jurkat_peak_25390	.	9.132786999999999	6.520418	4.206715	4.745675	3.053979	11.111369	10.691351	1.434508	1.446779	1.2906870000000001
chr17	56405203	56418252	Jurkat_peak_25618	.	6.620271000000001	5.492285	4.05628	3.9988699999999997	2.641302	10.132705	9.098186	1.369942	1.4184430000000001	1.279642
chr17	57228747	57234700	Jurkat_peak_25648	.	5.471819	5.178267	4.720447	4.8313679999999986	2.93863	12.183544	11.259453	1.315344	1.396436	1.301264
chr17	61848753	61853082	Jurkat_peak_25758	.	8.340314	7.348232	5.823891000000001	5.904671	3.840728	17.816116	15.807704000000001	1.357377	1.387656	1.314719
chr17	62500223	62504376	Jurkat_peak_25807	.	13.122383	10.818358	7.30519	8.297744999999999	4.919809	26.326518	22.329507999999997	1.514556	1.570424	1.407845
chr17	64297533	64301931	Jurkat_peak_25869	.	10.91887	8.793338	6.0650010000000005	6.424919999999999	4.2567179999999984	20.241087	17.435228	1.1128	1.11269	1.198369
chr17	72743898	72748271	Jurkat_peak_26099	.	10.003162	7.5236529999999995	4.605298	4.741068	3.3073949999999996	12.731498	11.861438	1.432931	1.470448	1.3570200000000001
chr17	73509987	73514957	Jurkat_peak_26174	.	11.180821	8.657533	4.903447	5.550088	3.7444830000000002	16.162668	14.484824	1.268369	1.274666	1.2541930000000001
chr17	74730402	74735024	Jurkat_peak_26265	.	10.975363	9.349210000000001	6.267217	6.7539419999999994	4.2234820000000015	21.126048	19.243361	1.477947	1.553959	1.401997
chr17	75446110	75452587	Jurkat_peak_26311	.	5.187329	4.278836	3.3639050000000004	3.247284	2.203277	5.389348	5.5071959999999995	1.137278	1.168045	1.195712
chr17	76123057	76129655	Jurkat_peak_26351	.	9.501261999999999	7.4640580000000005	4.58429	4.889146	3.2407169999999996	10.648356	10.547858999999999	1.424013	1.464504	1.32414
chr17	78234621	78239002	Jurkat_peak_26464	.	9.406792999999999	7.334627	5.090424	5.471675	3.5697970000000003	14.910447	13.787853	1.3235709999999998	1.350633	1.2755319999999999
chr17	79365965	79377250	Jurkat_peak_26544	.	5.633941	4.4489230000000015	3.087647	3.2280159999999998	2.091919	6.265069	6.253826	1.337428	1.386788	1.280776
chr17	79648686	79653163	Jurkat_peak_26569	.	10.272863000000001	8.109031	5.514646	5.667089	3.7568550000000003	17.545987	16.240744	1.32283	1.418228	1.314822
chr18	656036	660650	Jurkat_peak_26712	.	7.691617999999999	6.112958	3.9473910000000005	4.530028	2.874048	12.431184	10.585032	1.310873	1.316051	1.221537
chr18	906625	912141	Jurkat_peak_26733	.	2.3598529999999998	2.0312080000000003	1.8735540000000002	1.703748	1.3198	2.546544	2.482595	1.057628	1.061884	1.131608
chr18	3447451	3452633	Jurkat_peak_26795	.	10.398700999999999	8.618314	5.3082650000000005	6.075544	3.920606	15.178663	14.308057000000002	1.436308	1.486681	1.326503
chr18	13216153	13221327	Jurkat_peak_26956	.	9.253219	6.8674789999999994	4.354835	4.77654	3.182069	13.534967000000002	12.464719	1.240785	1.272852	1.225307
chr18	13610563	13617414	Jurkat_peak_26998	.	1.5529469999999999	1.4460620000000002	1.669975	1.3636620000000002	1.13457	1.479782	1.551601	1.1884780000000001	1.2235969999999998	1.19665
chr18	45454567	45459333	Jurkat_peak_27282	.	6.6505	5.292052	3.5362620000000002	4.1329270000000005	2.7071099999999997	10.260763	9.689878	1.280804	1.296677	1.220923
chr18	60188686	60195067	Jurkat_peak_27509	.	8.900611999999997	7.123931	4.4852300000000005	4.993246	3.298805	12.380464	11.385530000000001	1.329983	1.394404	1.252707
chr18	72919343	72925077	Jurkat_peak_27633	.	8.530650999999999	6.585942	4.486618	4.8425220000000015	3.274913	13.52021	12.28706	1.324008	1.348882	1.233943
chr18	74202677	74208523	Jurkat_peak_27648	.	7.186827	6.12885	4.227543	4.5457040000000015	3.0634580000000002	10.895813	10.095733000000001	1.138811	1.164793	1.145627
chr18	74842130	74846284	Jurkat_peak_27675	.	9.070905999999999	6.681711	4.211385	4.679791000000001	3.061589	13.129492	11.506463	1.0644200000000001	1.0705559999999998	1.097621
chr18	77438192	77443254	Jurkat_peak_27737	.	6.70441	5.563036	3.6127910000000005	3.705118	2.713647	9.727521000000001	8.884032999999997	1.243161	1.319066	1.240069
chr19	1064612	1069798	Jurkat_peak_27818	.	7.928742999999999	6.267004	3.926856	4.1272959999999985	2.903833	11.641511	10.572452	1.17559	1.229387	1.19982
chr19	1248021	1253239	Jurkat_peak_27832	.	10.416945	7.754282000000001	4.2796970000000005	4.9230089999999995	3.317569	14.803723999999999	13.319931	1.349579	1.3887690000000001	1.259133
chr19	2234917	2240515	Jurkat_peak_27933	.	9.260049	7.550969	4.5232220000000005	4.949381	3.389807	16.559772000000002	14.160888	1.403199	1.467311	1.341982
chr19	3983622	3988589	Jurkat_peak_28048	.	8.983848	7.279066	5.605909	6.265826000000001	3.859583	17.983413	16.418607	1.3028389999999999	1.3680370000000002	1.293923
chr19	4471015	4475328	Jurkat_peak_28077	.	9.255626	7.3701490000000005	4.6397650000000015	4.949797	3.422587	15.247015	13.811445	1.305927	1.352817	1.234215
chr19	5620467	5625267	Jurkat_peak_28124	.	12.727428	10.095564999999999	6.510254	6.869633	4.519538	25.138793	21.792904	1.425707	1.5010290000000002	1.341369
chr19	6735690	6740466	Jurkat_peak_28197	.	7.195766000000001	5.701527	4.0408800000000005	4.249445	2.758989	10.780471	9.980443	1.213175	1.286505	1.226962
chr19	10215085	10219295	Jurkat_peak_28364	.	5.878572	5.026809	3.682928	3.797648	2.595282	11.798668	10.325034	1.246446	1.252416	1.156312
chr19	10675147	10680958	Jurkat_peak_28400	.	7.353942999999999	6.141657	3.987941	4.329426	2.812856	10.411246	9.427016	1.335901	1.38739	1.29691
chr19	10763142	10767424	Jurkat_peak_28405	.	11.181282000000001	8.917183999999997	6.570214	6.977460000000001	4.217516000000001	23.439682	20.154517000000002	1.422715	1.508969	1.322157
chr19	12831173	12835341	Jurkat_peak_28527	.	8.957495999999997	7.778909	5.364742	5.65868	3.7312160000000003	18.831701000000002	16.611628	1.348956	1.356291	1.27698
chr19	12900759	12905389	Jurkat_peak_28541	.	10.035646	8.058048	4.756814	5.56804	3.3845339999999995	13.690884	13.299525	1.293421	1.312388	1.20288
chr19	13047420	13051987	Jurkat_peak_28563	.	7.148623	6.248264	4.776315	4.397319	2.973051	13.573988	11.974276	1.345034	1.41101	1.260162
chr19	13259539	13267500	Jurkat_peak_28579	.	9.47362	8.041304	4.812081	5.316586	3.423856	14.693382000000001	13.751151	1.4413340000000001	1.432115	1.3360889999999999
chr19	16186442	16191411	Jurkat_peak_28745	.	8.166877000000001	6.420562	4.4319570000000015	4.9244590000000015	3.092304	13.536392000000001	11.657877000000001	1.419541	1.503	1.351477
chr19	30155772	30160022	Jurkat_peak_29107	.	7.503298	5.763852	3.6166110000000002	3.8689720000000003	2.754727	10.413372	10.065135	1.16613	1.185433	1.1175760000000001
chr19	36389173	36395032	Jurkat_peak_29291	.	7.23463	5.937895	4.0647350000000015	4.186801999999999	2.700068	10.563517	9.642665	1.2899209999999999	1.315286	1.243718
chr19	39338260	39343928	Jurkat_peak_29405	.	9.243407000000001	7.3387649999999995	4.9712580000000015	5.583119	3.4533739999999997	16.672024999999998	15.229759	1.375356	1.476828	1.325107
chr19	42745440	42749624	Jurkat_peak_29598	.	9.187957	7.807894	5.406574	6.323909	4.0839560000000015	19.679454999999997	17.212884	1.296992	1.337635	1.290861
chr19	47216776	47222075	Jurkat_peak_29799	.	7.812975	6.517743	4.238671	4.736321	2.9807080000000004	10.732168	9.825145	1.394188	1.504658	1.319217
chr19	47287286	47292174	Jurkat_peak_29805	.	8.682335	7.813808	4.589629	5.019643	3.366118	15.607022	14.421845000000001	1.397993	1.449355	1.370341
chr19	47613311	47617695	Jurkat_peak_29824	.	10.052156	8.182715	5.420566	5.868175	3.7993410000000005	18.492962	17.670175	1.462143	1.495172	1.322153
chr19	49953529	49958049	Jurkat_peak_29993	.	6.892485000000001	5.959751	4.43128	4.616186	3.112905	13.720212	12.165582	1.296765	1.358734	1.230596
chr19	54691900	54696349	Jurkat_peak_30236	.	13.109507999999998	9.806403999999999	5.8837660000000005	6.458328	4.273482	19.900463000000002	17.683916	1.3274549999999998	1.375048	1.234724
chr19	55763853	55772198	Jurkat_peak_30291	.	8.240357000000001	6.788983999999999	4.620818	4.874494	3.167897	12.846122	12.214029	1.462749	1.518177	1.374775
chr19	55894422	55899201	Jurkat_peak_30301	.	10.049336	8.398924000000001	5.255554	6.121437	3.716064	17.30275	15.49058	1.365722	1.410807	1.287275
chr19	56151690	56156412	Jurkat_peak_30324	.	10.560939999999999	7.893521000000001	5.247621	5.4844599999999994	3.6074010000000003	15.891419	15.040428	1.2517120000000002	1.340692	1.204875
chr19	56164937	56169076	Jurkat_peak_30327	.	8.878653	7.637008	5.633249	5.929303	3.5341379999999996	16.335857	15.199872000000001	1.381147	1.485598	1.340074
chr2	674337	678590	Jurkat_peak_30507	.	8.863525	7.097811	5.083387	5.41081	3.330229	12.752482	11.488802	1.188129	1.227364	1.208038
chr2	5834222	5841265	Jurkat_peak_30767	.	3.5003839999999995	3.038487	2.455043	2.602453	1.736117	4.693601	4.6797949999999995	1.0511139999999999	1.0641180000000001	1.155713
chr2	10259847	10265459	Jurkat_peak_30858	.	7.724378999999999	6.643725999999999	4.520685	4.925659	3.106019	12.64454	11.433254	1.41185	1.4314799999999999	1.325676
chr2	16079579	16084133	Jurkat_peak_30965	.	5.9769309999999995	4.903632	3.6569230000000004	3.683532	2.152961	6.164226	6.236496	1.251485	1.309601	1.2121309999999998
chr2	26566866	26571419	Jurkat_peak_31159	.	6.922460000000001	6.042226	5.00209	5.164912	3.297021	13.672295000000002	12.371846000000001	1.307588	1.378522	1.330285
chr2	43445945	43453704	Jurkat_peak_31400	.	3.925985	3.2840190000000002	2.345902	2.439645	1.802016	4.8972250000000015	4.533108	1.3010629999999999	1.3691950000000002	1.286506
chr2	54011582	54015857	Jurkat_peak_31497	.	6.7408589999999995	5.923518	5.033876	5.306921	3.443496	15.269484	12.606311	1.341515	1.39639	1.341334
chr2	54784309	54789887	Jurkat_peak_31515	.	5.830179	5.168106	4.3626570000000005	4.532335	2.815414	9.259758999999999	9.13226	1.388949	1.398295	1.277778
chr2	55274499	55280129	Jurkat_peak_31544	.	7.702350999999999	6.324224	4.292155999999999	4.712771	3.154777	13.026511	11.597245	1.319797	1.374084	1.280883
chr2	55842789	55847004	Jurkat_peak_31570	.	7.934286999999999	7.071486999999999	6.073821	6.643563	4.059932	19.563574	16.875920999999998	1.383107	1.443219	1.292697
chr2	60775584	60785026	Jurkat_peak_31620	.	7.763086	6.368636	4.6288860000000005	5.036829	3.015759	11.840311999999999	11.29545	1.2679200000000002	1.32189	1.263478
chr2	61762687	61766931	Jurkat_peak_31647	.	7.338747	5.9037180000000005	4.477169	4.935093	3.078394	12.498989	11.171428	1.368609	1.415417	1.312202
chr2	68477286	68481538	Jurkat_peak_31804	.	8.768069	7.419734	5.269523	5.882903	3.8206019999999996	17.401003	14.606827	1.358151	1.434554	1.306557
chr2	69868839	69873960	Jurkat_peak_31853	.	5.763971	4.790014	3.4512099999999997	3.797139	2.426746	7.92453	7.3414589999999995	1.329531	1.352498	1.29415
chr2	70310474	70317307	Jurkat_peak_31871	.	7.003897	5.783876	4.500783	4.749051000000001	2.961729	11.654792	10.593269	1.397427	1.424775	1.33641
chr2	85196035	85200475	Jurkat_peak_32106	.	8.802742	6.720766	4.557521	5.301684	3.3938300000000003	15.466508	13.619584	1.354133	1.379056	1.2656020000000001
chr2	85764281	85768923	Jurkat_peak_32126	.	9.606760000000001	7.939242999999999	5.805924	6.41284	3.80289	16.683701	15.560609	1.50026	1.4514200000000002	1.45718
chr2	98328875	98336642	Jurkat_peak_32379	.	4.733385	3.935826	3.087057	2.7348310000000002	1.9721349999999997	5.334276	5.017917	1.259835	1.2790030000000001	1.221658
chr2	99060659	99066066	Jurkat_peak_32401	.	5.523525	4.598814	3.7340139999999997	3.589253	2.421122	8.622753	7.8730649999999995	1.2178120000000001	1.242441	1.20193
chr2	99342547	99347457	Jurkat_peak_32445	.	4.255575	3.576357	3.3453470000000003	3.237246	2.147414	7.493183	6.861901	1.1541	1.187202	1.240053
chr2	102313194	102317460	Jurkat_peak_32580	.	6.174612000000001	4.960216	4.114224	4.442675	2.709613	10.302153	8.30364	1.280661	1.353415	1.286061
chr2	111874756	111880935	Jurkat_peak_32796	.	9.684014999999999	7.698666	4.5187469999999985	5.353434	3.16276	11.252399	11.076586	1.137856	1.152829	1.173957
chr2	127413056	127417499	Jurkat_peak_33017	.	5.09542	4.647178	3.5378629999999998	3.760501	2.300535	7.671919	7.40945	1.298997	1.309389	1.2601120000000001
chr2	136286506	136291029	Jurkat_peak_33271	.	6.77473	6.174059	4.493633	4.7743470000000015	3.096524	12.870461	12.099067999999999	1.297879	1.342981	1.249741
chr2	136872607	136877441	Jurkat_peak_33300	.	9.145557	7.589772	4.9306220000000005	5.632055	3.5455129999999997	14.568439000000001	13.212278	1.507647	1.502439	1.354214
chr2	153572267	153576664	Jurkat_peak_33410	.	10.20129	8.393877	5.653835	6.485392	4.087557	18.028828	16.021752	1.331129	1.385943	1.282602
chr2	169100269	169105024	Jurkat_peak_33577	.	6.579973	5.1036660000000005	3.312382	3.906536	2.4173880000000003	9.713111999999999	8.022473999999999	1.28144	1.302508	1.295707
chr2	174218163	174222655	Jurkat_peak_33716	.	7.3717179999999995	6.164618	4.379156	4.612935	2.847527	11.766225	10.44875	1.3119379999999998	1.3990989999999999	1.2543520000000001
chr2	174826710	174831352	Jurkat_peak_33722	.	10.63306	8.216203	5.283802	5.979173	3.849054	17.596739000000003	15.971359	1.369208	1.407645	1.317043
chr2	182321123	182327804	Jurkat_peak_33880	.	4.6492179999999985	3.8012010000000003	3.3347019999999996	3.402328	2.1470130000000003	6.200282	6.209243	1.375478	1.445734	1.336686
chr2	198362069	198367014	Jurkat_peak_34047	.	8.955960000000003	7.4837110000000004	5.546969	5.878414	3.932429	18.00236	15.546695999999999	1.375017	1.42632	1.349134
chr2	204570766	204576344	Jurkat_peak_34199	.	1.059727	1.074185	1.1918790000000001	1.034014	1.022843	1.108982	1.147154	1.075425	1.079382	1.169663
chr2	209129553	209133770	Jurkat_peak_34266	.	5.976775	5.187988	4.6485330000000005	4.9553199999999995	3.2188369999999997	11.741741000000001	10.980903999999999	1.323922	1.346443	1.2339280000000001
chr2	214010072	214018740	Jurkat_peak_34337	.	2.917902	2.944505	3.3260680000000002	3.196473	2.07816	5.859213	5.547683999999999	1.331425	1.366751	1.2693290000000002
chr2	219260257	219266140	Jurkat_peak_34447	.	8.307447	6.559900999999999	4.194698000000001	4.77672	2.908426	9.869844	9.747598	1.380674	1.441396	1.299205
chr2	219431228	219436033	Jurkat_peak_34451	.	7.385782000000001	6.160949	4.748826	5.048035	3.29368	14.155363000000001	11.699919	1.352056	1.3803940000000001	1.31595
chr2	227698940	227705011	Jurkat_peak_34599	.	4.779308	4.5628660000000005	3.736371	3.9457400000000002	2.458545	9.001954	8.385241	1.194483	1.213993	1.18485
chr2	230784319	230788631	Jurkat_peak_34632	.	9.892924	7.992953999999999	5.688076000000001	5.768635	3.858246	16.17332	14.281075	1.301466	1.373171	1.250259
chr2	233924366	233928662	Jurkat_peak_34774	.	4.378415	3.353273	3.016403	3.000196	2.033768	5.30392	5.497439	1.362578	1.376025	1.24086
chr2	238600819	238606794	Jurkat_peak_34913	.	5.338303	4.607057	3.6324589999999994	3.427895	2.336028	7.757981	7.339933	1.3416270000000001	1.369098	1.261296
chr2	241504322	241509449	Jurkat_peak_35059	.	5.725035	4.680619	3.191999	3.327526	2.1965939999999997	6.528658999999999	6.458977	1.191358	1.2228379999999999	1.170651
chr2	242252950	242257412	Jurkat_peak_35094	.	9.827392	7.845771000000001	5.66003	6.120815	3.9066089999999996	17.310835	15.809029	1.3595059999999999	1.376962	1.319051
chr20	304503	308845	Jurkat_peak_35151	.	10.837644000000001	8.161591999999999	4.798579	6.044778	3.674617	15.152445000000002	14.585754000000001	1.379038	1.422953	1.269079
chr20	17945797	17952125	Jurkat_peak_35520	.	7.099177	6.08864	4.783941	5.069168	3.076835	14.056459	12.638382	1.413925	1.473946	1.29726
chr20	30307369	30312172	Jurkat_peak_35791	.	6.631489999999999	5.724096	3.6940199999999996	4.15496	2.709298	9.161128	8.913274999999997	1.3253030000000001	1.363556	1.306139
chr20	30793611	30797766	Jurkat_peak_35820	.	9.508792	7.629646000000001	5.415363	5.757525	3.8999599999999996	18.510326	16.538404	1.306417	1.323709	1.265394
chr20	32579339	32583918	Jurkat_peak_35913	.	9.360361	7.654385	5.231975	5.570296	3.692394	15.683444	14.350985999999999	1.315507	1.394709	1.336853
chr20	34326396	34332384	Jurkat_peak_35992	.	5.719622	5.236383	4.5715710000000005	4.531934	2.899512	12.615876	11.350408999999999	1.323279	1.397435	1.263416
chr20	39764990	39772903	Jurkat_peak_36149	.	6.670522999999999	5.179417	3.474399	3.6965760000000003	2.480179	8.43132	8.057969	1.226092	1.2952549999999998	1.230341
chr20	43271161	43281980	Jurkat_peak_36231	.	5.7197510000000005	4.65784	3.616443	3.489432	2.286464	8.323445	7.500984	1.1594360000000001	1.183176	1.144212
chr20	47892496	47897776	Jurkat_peak_36384	.	8.451737999999999	6.767575	5.641279	5.788583999999999	3.605528	17.258331	15.468573999999998	1.3449209999999998	1.3331879999999998	1.279508
chr20	48726680	48731147	Jurkat_peak_36423	.	6.642299	5.639908999999999	4.102727	4.325434	2.888649	11.582349	10.59361	1.227877	1.2393459999999998	1.230199
chr20	56281141	56286859	Jurkat_peak_36627	.	10.777545	8.04844	5.814851999999999	6.247033	3.790858	17.909668	15.02472	1.117067	1.147829	1.1937790000000001
chr20	57462891	57468952	Jurkat_peak_36684	.	7.870854	6.2400519999999995	3.805732	4.455862000000001	2.926531	12.094655	10.20633	1.264592	1.300281	1.185526
chr20	58630027	58634579	Jurkat_peak_36730	.	1.341174	1.28439	1.25111	1.177808	1.077669	1.166615	1.162851	1.301632	1.330307	1.240644
chr20	60716429	60720780	Jurkat_peak_36845	.	12.340166	9.161722	5.4164900000000005	6.4621319999999995	4.130086	20.047028	17.792602	1.373628	1.463919	1.31132
chr20	61637514	61643284	Jurkat_peak_36901	.	9.004906	7.005013000000001	4.392994	4.694057	2.985487	10.930902	10.441121	1.2054040000000001	1.2365540000000002	1.2114969999999998
chr20	62609155	62613691	Jurkat_peak_36967	.	9.203043	7.3240479999999994	4.6938049999999985	5.094158999999999	3.327472	13.245082	11.884392	1.287772	1.356216	1.267052
chr21	17101670	17106019	Jurkat_peak_37114	.	7.01053	5.599991	4.048174	4.376752	2.6443470000000002	11.646091	10.527325	1.221025	1.263795	1.189483
chr21	28213889	28218715	Jurkat_peak_37194	.	6.034983	4.666996	3.182516	3.455086	2.129566	6.962383999999999	6.892507000000001	1.053136	1.0527	1.124275
chr21	34912772	34917571	Jurkat_peak_37344	.	9.675327000000001	8.438096	7.308348	7.724671000000001	4.6715149999999985	23.817944	21.326828	1.4373209999999998	1.504414	1.347974
chr21	36254120	36266061	Jurkat_peak_37391	.	6.164696	4.9627930000000005	4.142653	4.097824	2.551151	8.678035000000001	8.526632000000001	1.2682719999999998	1.301862	1.236879
chr21	36417317	36422236	Jurkat_peak_37436	.	3.5005900000000003	3.44751	3.884442	3.565203	2.3290800000000003	6.53327	6.491236	1.4098469999999999	1.475384	1.335467
chr21	38738711	38743214	Jurkat_peak_37519	.	11.121635000000001	8.609169999999999	5.41478	5.974437	3.897893	20.197708	17.559359	1.4109200000000002	1.50425	1.3483
chr21	44525838	44530377	Jurkat_peak_37714	.	8.309608	7.197088000000001	5.724167	6.101039	3.708769	16.915564	15.060226	1.280473	1.338449	1.31653
chr21	46290560	46295666	Jurkat_peak_37822	.	10.46294	8.084894	5.174015	5.746162	3.521939	15.821809	14.70757	1.338095	1.391816	1.259685
chr21	47740211	47746096	Jurkat_peak_37921	.	11.599408	9.183258	5.313644	6.071579	3.911675	18.040461999999998	16.116879	1.400304	1.440314	1.303955
chr22	19416963	19421167	Jurkat_peak_38030	.	9.268025999999999	7.421555000000001	4.702908	5.551678	3.3920589999999997	15.006892	13.208282	1.375324	1.412042	1.326871
chr22	23521703	23526075	Jurkat_peak_38215	.	4.8595950000000006	3.874283	2.75655	2.8400410000000003	1.968694	6.125933	5.486831	1.470477	1.489088	1.380944
chr22	24949068	24954188	Jurkat_peak_38313	.	7.370314	6.0380650000000005	4.4195220000000015	4.892681	3.216656	13.969945000000001	12.660491	1.3868340000000001	1.416473	1.3244120000000001
chr22	25959907	25964853	Jurkat_peak_38360	.	4.846385	3.987618	2.987582	3.148836	2.2102440000000003	7.973312	7.036693	1.259647	1.301088	1.243644
chr22	26873077	26882131	Jurkat_peak_38392	.	2.922368	2.530558	2.39875	2.346895	1.7299529999999999	4.988816	4.408206	1.179673	1.2020899999999999	1.229394
chr22	29194929	29199106	Jurkat_peak_38437	.	6.313761	4.988021	3.751268	4.301183999999999	2.872901	12.166127000000001	10.846339	1.3897540000000002	1.451015	1.367402
chr22	29661795	29666806	Jurkat_peak_38471	.	10.117585	8.070689999999999	5.558868	5.969601	3.88029	18.51145	16.489902	1.4658639999999998	1.528131	1.411039
chr22	30818234	30823728	Jurkat_peak_38546	.	6.227599	5.504356	3.796822	4.033379	2.6762919999999997	9.908495	9.217505000000001	1.2602360000000001	1.286989	1.212974
chr22	36780733	36785237	Jurkat_peak_38721	.	8.559616	6.746975	4.436362	4.496574	3.2393099999999997	13.874445000000001	12.230635000000001	1.445595	1.488438	1.330103
chr22	38199960	38204785	Jurkat_peak_38806	.	5.882501	4.8792019999999985	3.272351	3.763776	2.41529	8.140514	7.969962	1.133934	1.1792639999999999	1.204291
chr22	41249950	41254539	Jurkat_peak_39007	.	5.716705999999999	5.341591	4.3993470000000015	4.5659	3.0266669999999998	12.951522	11.551278	1.346177	1.40667	1.295987
chr22	41486693	41490976	Jurkat_peak_39017	.	8.073193	6.411815	4.410872	5.001435	3.220391	14.753905	12.069623	1.3813229999999999	1.424354	1.331657
chr22	41839943	41845315	Jurkat_peak_39034	.	9.550694	7.765817	4.936065	5.368247	3.5685800000000003	15.235546	13.595817000000002	1.4628709999999998	1.524446	1.3565969999999998
chr3	5228539	5234952	Jurkat_peak_39472	.	6.449545	5.537666000000001	3.946708	4.159246	2.720724	11.060916	10.120124	1.27362	1.30696	1.225961
chr3	9436587	9441936	Jurkat_peak_39496	.	8.335956	6.601630999999999	5.19904	5.239192	3.424891	15.339198000000001	13.541195000000002	1.371273	1.3610200000000001	1.322239
chr3	18463977	18468432	Jurkat_peak_39866	.	5.893835	5.197432	3.759497	3.7644059999999997	2.406186	7.039984	6.7654190000000005	1.2819450000000001	1.308198	1.28203
chr3	30645307	30650614	Jurkat_peak_39989	.	5.291658	4.401136	3.262299	3.61105	2.3276220000000003	8.259488000000001	7.555630000000001	1.234329	1.269082	1.224703
chr3	31571652	31578773	Jurkat_peak_40041	.	7.562236	6.167515	4.578679	4.8377680000000005	3.102016	13.444741	11.973099000000001	1.474896	1.552311	1.345898
chr3	35676674	35689328	Jurkat_peak_40129	.	2.745741	2.4629000000000003	2.4577850000000003	2.319178	1.532235	3.917475	3.90574	1.077497	1.085299	1.177024
chr3	38177151	38181485	Jurkat_peak_40200	.	11.325982000000002	9.241719999999999	5.5973180000000005	6.599322	3.975449	18.045661	16.537029999999998	1.32533	1.420474	1.266736
chr3	49054714	49061166	Jurkat_peak_40584	.	13.878082999999998	10.598572	6.2076519999999995	7.0632410000000005	4.494172	20.969735	18.834759	1.36768	1.408625	1.299487
chr3	52441750	52447246	Jurkat_peak_40752	.	7.327152000000001	5.86526	4.33143	4.5617790000000005	3.144609	12.968922000000001	11.468949	1.29713	1.312422	1.256795
chr3	56832259	56836585	Jurkat_peak_40840	.	4.867825	4.113416	3.030767	3.139153	2.142282	5.856211	5.475848	1.1773120000000001	1.1954420000000001	1.204091
chr3	71112128	71116972	Jurkat_peak_41022	.	4.3136529999999995	3.6700980000000003	2.891489	3.1844259999999998	1.9786110000000001	5.9486870000000005	5.42894	1.213702	1.286314	1.187654
chr3	72894840	72899195	Jurkat_peak_41079	.	5.473767	5.129563	4.827148	4.5493109999999986	2.975863	11.277739	10.349553	1.2802360000000002	1.298577	1.266095
chr3	72936422	72940842	Jurkat_peak_41085	.	4.296574	3.7226220000000003	3.6343769999999997	3.581524	2.154423	7.230632000000001	6.601482000000001	1.132013	1.146303	1.163456
chr3	107805762	107811335	Jurkat_peak_41335	.	5.357116	4.547488	3.430848	3.715876	2.418031	9.390087	8.204976	1.332874	1.3732879999999998	1.334187
chr3	119809335	119816083	Jurkat_peak_41541	.	6.037482	5.035164	4.175549	4.25137	2.772179	10.710101	9.899947000000001	1.312455	1.347946	1.313521
chr3	128836821	128841287	Jurkat_peak_41824	.	6.630762	5.385505	3.887768	3.965943	2.570566	8.314117	8.143614	1.22185	1.2692139999999998	1.249578
chr3	134202539	134207038	Jurkat_peak_41920	.	7.932231	6.701092999999999	5.24851	5.822701	3.518824	15.401648000000002	14.413917000000001	1.360789	1.410833	1.29857
chr3	135911288	135917232	Jurkat_peak_41938	.	7.714653	6.382626999999999	4.5514980000000005	4.750376	3.052486	11.94856	11.539963	1.392625	1.428735	1.352458
chr3	140948798	140953859	Jurkat_peak_42033	.	6.579338000000001	5.16512	3.555629	3.6562690000000004	2.520149	9.628909	8.395140999999999	1.181918	1.254371	1.192505
chr3	150261967	150266304	Jurkat_peak_42169	.	8.259414999999999	6.906217	5.692851	5.76124	3.8304480000000005	17.892768	15.569543	1.355402	1.411274	1.298476
chr3	150477585	150482363	Jurkat_peak_42186	.	8.84097	7.386292999999999	4.911097	5.6238589999999995	3.47769	16.608307999999997	14.657194	1.3226229999999999	1.350017	1.286598
chr3	151985603	151989796	Jurkat_peak_42227	.	7.192894	6.373177	4.817888	5.2266580000000005	3.161983	13.345149	12.639239	1.331427	1.367866	1.358411
chr3	160115906	160120641	Jurkat_peak_42308	.	9.112928	8.057202	6.103889	6.628303	4.021353	19.529946	17.636052	1.431821	1.493268	1.352149
chr3	176912343	176917782	Jurkat_peak_42431	.	5.462754	4.3397260000000015	3.813674	4.2000660000000005	2.491128	10.422102	8.986108	1.2677	1.3192030000000001	1.260426
chr3	185651468	185656053	Jurkat_peak_42611	.	6.533419	5.922144	4.982672	5.156904	3.114806	14.438112	12.628803	1.4959879999999999	1.532913	1.372715
chr3	196364982	196370754	Jurkat_peak_42874	.	4.4479809999999995	4.11179	3.0892180000000002	3.0872479999999998	2.1104439999999998	6.9183639999999995	6.612117	1.512491	1.571617	1.366553
chr3	196666354	196670983	Jurkat_peak_42890	.	10.449154	8.472851	5.576101	6.227072	4.056282	19.371199	17.251339	1.342373	1.3904450000000002	1.273768
chr4	50508	54856	Jurkat_peak_42949	.	9.301719	7.778844	5.849625	5.426597	3.426793	11.600117	10.214074	1.6929939999999999	1.85162	1.8491389999999999
chr4	1240100	1244499	Jurkat_peak_43009	.	7.819889	5.9410739999999995	3.3861529999999997	3.953815	2.630064	10.999111	9.519105	1.329165	1.43608	1.273372
chr4	1711808	1716198	Jurkat_peak_43025	.	9.590788	7.310451	4.294297	5.010305000000001	3.5282839999999998	16.435581	14.563417999999999	1.309311	1.36176	1.253224
chr4	8200287	8205057	Jurkat_peak_43245	.	2.746332	2.21087	1.8822720000000002	1.8294569999999999	1.397899	2.292951	2.2340910000000003	1.192697	1.197152	1.212418
chr4	10116713	10121118	Jurkat_peak_43297	.	6.92444	5.565205000000001	3.9617449999999996	4.077145	2.675435	11.293489	9.850659	1.259186	1.298117	1.264141
chr4	17810132	17814773	Jurkat_peak_43397	.	5.543399	4.675731	3.968633	4.078589	2.698048	10.852633	10.222285000000001	1.345218	1.370749	1.344315
chr4	26320015	26324329	Jurkat_peak_43461	.	8.552581	6.943592	4.132155	5.188102	3.2815839999999996	13.734594	12.305885	1.302708	1.388254	1.255068
chr4	26858639	26863946	Jurkat_peak_43480	.	6.9483880000000005	5.886257	4.313729	4.501188	2.999961	11.747197	10.991431	1.313465	1.317601	1.256298
chr4	40197373	40204557	Jurkat_peak_43559	.	2.80248	2.751918	3.3748489999999998	3.037018	1.984416	5.86989	5.8563849999999995	1.412818	1.45956	1.357219
chr4	48779193	48783398	Jurkat_peak_43643	.	7.631800999999999	6.176648	4.579049	4.925566000000001	3.19467	13.874493	12.697838	1.4025450000000002	1.4229610000000001	1.277397
chr4	57300133	57304430	Jurkat_peak_43729	.	7.952958	6.7156	5.145985	5.162593	3.40955	15.68128	13.911677	1.353019	1.389705	1.300138
chr4	57841913	57846873	Jurkat_peak_43751	.	8.690011	7.4162539999999995	5.156586	5.5997330000000005	3.538531	16.379821	14.198404	1.412755	1.474505	1.354555
chr4	71858240	71862705	Jurkat_peak_43807	.	5.012677	4.161676	3.267002	3.446676	2.405104	8.680251	8.038267000000001	1.2857450000000001	1.3505559999999999	1.245699
chr4	83291667	83297419	Jurkat_peak_43991	.	6.27323	5.3551400000000005	4.319091	4.63089	2.953799	13.531386	11.781423	1.401623	1.472184	1.301971
chr4	83348692	83353360	Jurkat_peak_43993	.	8.965665999999997	7.239814	4.8530489999999995	5.525888	3.487779	15.714147	14.444017	1.471515	1.509191	1.357707
chr4	83930428	83935297	Jurkat_peak_44008	.	6.52206	5.737214	4.250681	4.625017	3.0215560000000004	12.307454	11.513843	1.362607	1.378084	1.293357
chr4	87926807	87930995	Jurkat_peak_44064	.	2.372068	2.197327	1.9593459999999998	2.114436	1.5223799999999998	3.9206440000000002	3.765426	1.2959610000000001	1.2880790000000002	1.2356690000000001
chr4	103745589	103750481	Jurkat_peak_44205	.	6.9298779999999995	6.259298	4.771719999999999	5.154052	3.3277400000000004	14.840204	13.651371	1.3599709999999998	1.45184	1.270116
chr4	109081019	109091041	Jurkat_peak_44269	.	4.249808	3.8944769999999997	3.248138	3.190029	2.122929	6.837186	6.33695	1.31879	1.353539	1.2841930000000001
chr4	109539910	109544108	Jurkat_peak_44312	.	3.789905	3.657169	3.9083669999999997	4.173169000000001	2.642233	11.200499	9.578612	1.2482309999999999	1.337967	1.26264
chr4	118953954	118958861	Jurkat_peak_44406	.	3.375518	2.8687099999999996	2.4640180000000003	2.564509	1.857508	5.587283	5.307426	1.2153040000000002	1.265907	1.2483799999999998
chr4	129730313	129734628	Jurkat_peak_44517	.	9.292328999999999	7.398511999999999	4.9812330000000005	5.424041000000001	3.382048	14.543792999999999	13.522966	1.3497780000000001	1.419993	1.320131
chr4	141071300	141075936	Jurkat_peak_44582	.	5.976129	5.032503	3.6113410000000004	3.738165	2.391658	7.204931	6.831116000000001	1.423123	1.51259	1.3180040000000002
chr4	144104809	144109988	Jurkat_peak_44617	.	4.780584999999999	4.057976	3.367707	3.337432	2.3362670000000003	8.189871	7.684709	1.348678	1.3865530000000001	1.342806
chr4	145565585	145572340	Jurkat_peak_44642	.	4.960853	4.395641	3.441902	3.418195	2.334482	8.124742000000001	7.626517999999999	1.383941	1.436842	1.301863
chr4	146017695	146022479	Jurkat_peak_44656	.	4.539603	4.1452930000000014	3.718947	4.03218	2.5886	10.32531	9.586935	1.317025	1.356549	1.331023
chr4	146098405	146102669	Jurkat_peak_44659	.	6.180911	5.405906	3.736993	4.021962	2.742961	10.868714	10.264977	1.333365	1.392239	1.299945
chr4	154265040	154269196	Jurkat_peak_44812	.	4.658615	4.1171809999999995	3.231805	3.403344	2.25173	7.826397	7.346964999999999	1.290944	1.3235780000000001	1.252366
chr4	154386616	154390801	Jurkat_peak_44819	.	6.455386	5.025787	3.5389199999999996	3.8123730000000005	2.573548	10.140677	9.041966	1.378244	1.41496	1.354032
chr4	174253370	174257746	Jurkat_peak_44968	.	7.486223	6.2138599999999995	4.212729	4.666247	2.914298	12.73957	11.421593	1.40848	1.40598	1.312973
chr4	187643453	187648591	Jurkat_peak_45131	.	8.366788	6.885599000000001	4.731351	5.183101000000001	3.231272	13.943426	12.985909	1.058861	1.055052	1.140475
chr5	1798010	1803224	Jurkat_peak_45391	.	9.500347	7.812798	5.368243	6.163297	3.9603650000000004	18.888807	16.559447	1.324396	1.43562	1.282066
chr5	6631209	6635477	Jurkat_peak_45471	.	9.838381	7.908581	5.158834	5.548496	3.790482	17.484946	15.246673000000001	1.268098	1.354678	1.2279010000000001
chr5	6711718	6716467	Jurkat_peak_45476	.	7.911810000000001	6.239517	3.610911	4.3488690000000005	2.7472779999999997	11.242165	10.344008	1.2701209999999998	1.334846	1.230855
chr5	36875020	36879312	Jurkat_peak_45706	.	10.124402	8.623184	5.878209	6.73825	4.210936	20.432482999999998	17.749359	1.42525	1.48809	1.347324
chr5	40676726	40683975	Jurkat_peak_45781	.	6.690716	5.6425529999999995	4.479223	4.458338	2.868633	10.281621000000001	9.922152	1.343063	1.361898	1.263833
chr5	43037388	43043733	Jurkat_peak_45807	.	4.533812999999999	4.001155000000001	3.490672	4.193504	2.2200100000000003	7.11923	7.074261999999999	1.397129	1.4692610000000002	1.3182049999999998
chr5	56468235	56472929	Jurkat_peak_45964	.	7.5040130000000005	6.600377000000001	5.224616999999999	5.487322	3.4015419999999996	13.701079	12.731867	1.36448	1.4603110000000001	1.299626
chr5	65220456	65224764	Jurkat_peak_46052	.	9.664548	7.407585000000001	5.602151999999999	6.301756	3.8007699999999995	17.100827	16.064028	1.376932	1.438715	1.368701
chr5	74805223	74809614	Jurkat_peak_46227	.	8.205363	7.133903	5.404921	5.5519870000000004	3.66652	16.639008999999998	14.81184	1.336051	1.420519	1.3051
chr5	90675302	90680749	Jurkat_peak_46526	.	5.134676	4.7887949999999995	4.678534	5.1878150000000005	2.846345	11.327028	10.633934	1.16701	1.204919	1.095582
chr5	96268569	96273099	Jurkat_peak_46598	.	9.691169	7.810080999999999	4.854183	5.760731	3.517636	14.690864999999999	13.50814	1.412871	1.461689	1.306922
chr5	98103913	98111252	Jurkat_peak_46612	.	9.169764	7.686222	5.0783059999999995	5.798267	3.453615	13.882195999999999	13.507816	1.0642120000000002	1.0707010000000001	1.063342
chr5	100234903	100241557	Jurkat_peak_46633	.	4.674961	4.462941000000001	4.1403979999999985	4.2962989999999985	2.5607420000000003	8.507956	8.513553	1.189036	1.20993	1.1526969999999999
chr5	110559100	110567819	Jurkat_peak_46702	.	3.99039	3.1937919999999997	2.867458	2.695852	1.818187	5.652831	4.943022	1.089397	1.104575	1.099691
chr5	126111713	126116253	Jurkat_peak_46870	.	9.569403999999999	7.577211999999999	5.00477	5.758645	3.581429	16.632116	14.495346	1.214661	1.235778	1.1532639999999998
chr5	131823381	131827544	Jurkat_peak_47003	.	8.469928	6.250602	4.067407	4.309367	3.0623139999999998	11.172569000000001	10.374736	1.203657	1.2186219999999999	1.141183
chr5	133449397	133456979	Jurkat_peak_47070	.	5.034661	4.080917	3.126232	2.968643	2.039026	7.1312240000000005	6.085229	1.012032	1.023991	1.04788
chr5	133859421	133864035	Jurkat_peak_47091	.	13.936417	10.762044	6.237614	7.514502	4.565646	20.551037	18.894979	1.204948	1.2536479999999999	1.143356
chr5	138723081	138729640	Jurkat_peak_47204	.	7.298144000000001	5.400889	3.922391	4.3687000000000005	2.756956	8.974005	8.566807	1.388609	1.46995	1.329276
chr5	139779633	139783790	Jurkat_peak_47260	.	12.43135	9.896828999999999	6.360936	7.5466940000000005	4.6763460000000014	22.943745	20.375204999999998	1.430124	1.434006	1.292001
chr5	151149651	151153869	Jurkat_peak_47511	.	9.635261999999999	8.248717	5.403194	5.833234	3.6753150000000003	17.138206	15.415128	1.392717	1.458218	1.2647
chr5	154236483	154240739	Jurkat_peak_47537	.	7.7213330000000004	6.726758	5.116351	5.418976	3.3898230000000003	13.95176	13.152211999999999	1.168272	1.204318	1.14081
chr5	156692397	156697289	Jurkat_peak_47570	.	5.06629	4.1227089999999995	2.698232	2.8750709999999997	2.0678970000000003	7.050783999999999	7.013632	1.162664	1.14873	1.113369
chr5	162885219	162889593	Jurkat_peak_47660	.	7.171457000000001	6.201842	5.4515199999999995	5.972143	3.608965	15.858626999999998	14.630212	1.159486	1.176196	1.159722
chr5	162929812	162934036	Jurkat_peak_47661	.	5.086628	4.7869459999999995	4.7011449999999995	4.9076520000000015	2.967457	12.149372	11.448983	1.1637600000000001	1.165022	1.121322
chr5	172260155	172265764	Jurkat_peak_47776	.	6.193699	5.054399	3.5687949999999997	3.575325	2.622593	9.862999	8.997554000000003	1.172553	1.171224	1.1592559999999998
chr5	175959753	175965618	Jurkat_peak_47863	.	8.173010000000001	6.808383	4.647067	4.832379	3.080647	11.772107	10.703233	1.194975	1.226769	1.148786
chr5	176853689	176860194	Jurkat_peak_47907	.	5.481553	4.545178	3.3267010000000004	3.210969	2.146653	7.072817	6.435101	1.128675	1.1331209999999998	1.1203370000000001
chr5	179047697	179052296	Jurkat_peak_47966	.	9.700269	7.7851669999999995	5.0794760000000005	5.455764	3.3337220000000003	15.622345000000001	13.998988	1.211544	1.237055	1.159982
chr5	180234157	180238889	Jurkat_peak_48027	.	5.919919	4.830782	3.027602	3.75834	2.4211970000000003	8.197201	7.73055	1.1146129999999999	1.138566	1.120451
chr5	180630828	180635129	Jurkat_peak_48049	.	7.8640479999999995	6.575444999999999	4.694991	5.576653	3.0299709999999997	11.756296	11.152191	1.1026610000000001	1.1322530000000002	1.0950090000000001
chr5	180668466	180674517	Jurkat_peak_48053	.	10.967062	9.044279	6.496707	6.908133	4.223912	19.831985	17.410581	1.198474	1.2331	1.172066
chr6	6002959	6009532	Jurkat_peak_48280	.	8.764282000000001	7.2987020000000005	5.578991	6.158112	3.6218470000000003	15.373510999999999	14.518851000000002	1.0526209999999998	1.061026	1.156715
chr6	12008187	12013671	Jurkat_peak_48429	.	7.361101	5.864633	4.097946	4.621877	2.9260189999999997	12.291832000000001	10.412571	1.28981	1.299603	1.235881
chr6	13483830	13488456	Jurkat_peak_48455	.	7.189752	6.008846	4.089678	4.362173	2.755055	10.807586	9.962202	1.2887309999999998	1.334582	1.223877
chr6	13709146	13713419	Jurkat_peak_48470	.	7.541861	6.277156	4.326495	4.7881680000000015	2.988477	14.143094	12.020298	1.353982	1.4524920000000001	1.289166
chr6	15244620	15251270	Jurkat_peak_48568	.	7.8485119999999995	6.3555589999999995	4.889233	5.3095	3.3071309999999996	14.434429999999999	12.838477000000001	1.463602	1.462426	1.328863
chr6	20400986	20405450	Jurkat_peak_48689	.	11.695200999999999	9.353662	5.824038	6.448516000000001	4.1486079999999985	20.690282	18.65793	1.417418	1.4564700000000002	1.276301
chr6	21593168	21599670	Jurkat_peak_48718	.	8.245823999999999	6.822166	4.635634	4.8735870000000014	3.204768	14.812396	12.836689999999999	1.449439	1.548909	1.342523
chr6	26155695	26160623	Jurkat_peak_48915	.	3.5897930000000002	3.3688800000000003	2.8814900000000003	3.0105560000000002	1.918829	5.628257	6.024741000000001	1.257843	1.31455	1.211028
chr6	26195002	26200887	Jurkat_peak_48919	.	4.161434	3.691534	3.3849419999999997	3.512145	2.226515	7.453098	7.478824	1.299138	1.336805	1.237452
chr6	26269511	26274837	Jurkat_peak_48928	.	3.8317910000000004	3.7108260000000004	3.386975	3.586539	2.154275	5.485624	5.893676	1.266174	1.294198	1.238851
chr6	26536368	26540552	Jurkat_peak_48962	.	7.526476	6.657524	5.418128	6.134627	3.600685	14.457979000000002	13.153796	1.282435	1.321764	1.286931
chr6	27857181	27863946	Jurkat_peak_49035	.	5.011575	4.529771	3.8927199999999997	4.25379	2.56303	8.448832000000001	8.211724	1.242838	1.270585	1.213902
chr6	30581801	30587218	Jurkat_peak_49173	.	5.369732	5.546458	5.703498000000001	5.798463	3.4515190000000002	14.604417000000002	13.364503	1.3497780000000001	1.36966	1.2937
chr6	30649519	30655440	Jurkat_peak_49180	.	7.043678999999999	5.885356	4.5416739999999995	4.425544	2.871972	8.020705	7.872221000000001	1.44751	1.4943790000000001	1.36077
chr6	30684062	30691034	Jurkat_peak_49183	.	7.737559	7.060183	5.439426	5.953796	3.511975	15.106789000000001	13.510567000000002	1.377867	1.415129	1.288885
chr6	31630848	31634985	Jurkat_peak_49251	.	9.394217	7.937360000000001	5.5803650000000005	5.960119000000001	3.8636559999999998	17.018976000000002	14.778355	1.349162	1.427203	1.318067
chr6	31701555	31709785	Jurkat_peak_49259	.	6.033323	5.626302	4.368834	4.209338	2.724213	9.023945	8.679946000000001	1.352682	1.399533	1.293933
chr6	31801514	31806279	Jurkat_peak_49270	.	8.531969	7.23004	5.81762	5.688413	3.5507809999999997	15.122685999999998	13.742631	1.3414	1.436042	1.311625
chr6	32094693	32099002	Jurkat_peak_49280	.	8.109705	7.622408999999999	5.258106	5.831461	3.7023910000000004	15.24121	13.670432	1.2592700000000001	1.288445	1.224962
chr6	32142564	32147647	Jurkat_peak_49283	.	6.48536	5.478576	4.471036	4.788928	3.084205	12.157879	11.039373	1.274901	1.360606	1.251898
chr6	32156037	32161926	Jurkat_peak_49285	.	4.4626350000000015	3.872206	2.88856	2.872999	2.0889930000000003	6.226161	5.830918	1.265314	1.300499	1.2071969999999999
chr6	32934346	32942992	Jurkat_peak_49301	.	10.893609	9.103947999999999	6.395649	6.718808	4.10191	17.740584	15.987991000000001	1.470212	1.514937	1.366028
chr6	35886122	35890400	Jurkat_peak_49437	.	8.524383	6.996014999999999	5.217875	5.7368440000000005	3.80235	16.458458	14.981005999999999	1.321409	1.361456	1.290917
chr6	36560989	36565276	Jurkat_peak_49479	.	5.973279	5.478458	5.479821	5.834613	3.315865	14.101465	13.156457999999999	1.467054	1.522894	1.331741
chr6	39897745	39902765	Jurkat_peak_49602	.	4.936376	4.086274	3.180057	3.429433	2.276787	8.18112	7.771171000000001	1.050266	1.061287	1.134092
chr6	41038318	41042612	Jurkat_peak_49631	.	10.696411999999999	8.668578	5.95655	6.704055	4.19451	19.595131	17.364198000000002	1.340766	1.394026	1.276797
chr6	41905551	41910625	Jurkat_peak_49684	.	8.833012	7.254706	4.719931	4.9908160000000015	3.3331129999999995	12.655149	11.122117999999999	1.364968	1.39615	1.262199
chr6	74228951	74234101	Jurkat_peak_50190	.	10.948792	8.91355	6.314872	7.178443	4.25488	20.573237	17.726662	1.385799	1.3893	1.256852
chr6	86350023	86354558	Jurkat_peak_50279	.	13.54785	10.599972	6.593813000000001	7.085514999999999	4.578589	23.022673	19.720420999999998	1.405351	1.426539	1.316258
chr6	88408431	88412809	Jurkat_peak_50302	.	8.520619	7.15389	4.804716	5.0579410000000005	3.4746040000000002	15.825694	13.654005999999999	1.341294	1.433116	1.278848
chr6	99280743	99285258	Jurkat_peak_50426	.	5.632637	4.670494000000001	2.827285	3.2244509999999997	2.096244	6.0168919999999995	5.7313279999999995	1.175514	1.161132	1.162822
chr6	106956900	106962607	Jurkat_peak_50519	.	7.294078	6.076833000000001	4.7417050000000005	5.158762	2.931139	9.549786	9.493478	1.247967	1.321628	1.251525
chr6	111194861	111199433	Jurkat_peak_50634	.	12.871189	10.558699	6.749648	7.920702	4.864269	24.428894	21.606578	1.550839	1.541921	1.475295
chr6	112191067	112195899	Jurkat_peak_50677	.	8.581222	7.1128100000000005	5.017304	5.366114	3.547165	13.939038	12.917418	1.289308	1.364723	1.325346
chr6	119213471	119218575	Jurkat_peak_50762	.	7.842351	6.368219	4.994637	5.517163	3.4282230000000005	15.572207999999998	13.876983	1.377613	1.409384	1.297972
chr6	128217445	128222832	Jurkat_peak_50850	.	1.673646	1.780054	2.6667810000000003	2.188505	1.5919020000000002	3.702145	3.664243	1.126144	1.151722	1.212265
chr6	133133509	133138069	Jurkat_peak_50929	.	7.198664	6.161224	6.108057	6.238883	3.7129589999999997	16.418174	14.821545	1.356659	1.400778	1.296066
chr6	135501006	135506591	Jurkat_peak_50995	.	11.230496	9.179886	6.217665	6.877704	4.353062	20.240555999999998	17.819681	1.480199	1.563451	1.373202
chr6	138187111	138193072	Jurkat_peak_51089	.	5.331331	4.2683529999999985	3.088356	3.534669	2.2156830000000003	7.454064999999999	6.943272	1.235971	1.297683	1.232608
chr6	143264177	143269069	Jurkat_peak_51174	.	11.118047	8.661907000000001	5.592926	6.672559	3.8400269999999996	14.704115	13.130699	1.442935	1.451825	1.371051
chr6	153301600	153306622	Jurkat_peak_51343	.	8.549192	7.262836	5.470443	5.886931	3.705221	16.100151	14.285072	1.310298	1.394264	1.232991
chr6	157097584	157102103	Jurkat_peak_51374	.	12.024191	9.173533	5.459789	6.5918410000000005	4.061086	18.053962	16.758433	1.395041	1.48732	1.309511
chr6	160208413	160213546	Jurkat_peak_51485	.	11.319645	9.506721	6.583857000000001	7.10785	4.592832	22.13249	19.14422	1.341046	1.416368	1.323621
chr6	170860540	170865272	Jurkat_peak_51655	.	9.641594	8.38309	7.337223	7.366592	4.733721	20.794470999999998	18.002423999999998	1.338904	1.3971280000000001	1.28457
chr7	5461330	5465854	Jurkat_peak_51848	.	10.410112	8.025611	5.883781	5.991944	3.756479	16.119636	15.215181	1.425932	1.494245	1.2436909999999999
chr7	5567127	5571879	Jurkat_peak_51859	.	12.757306	9.635058	5.608698	6.491401000000001	4.185752	20.596014999999998	17.639175	1.493441	1.544168	1.377823
chr7	23508380	23514900	Jurkat_peak_52151	.	8.80989	7.823836	5.257523	6.083896	3.4481599999999997	14.956489999999999	14.468453	1.0558530000000002	1.060838	1.152279
chr7	26237044	26244414	Jurkat_peak_52248	.	8.343879000000001	7.195162	5.793195	6.048196	3.696994	17.486257000000002	15.649393	1.442078	1.487902	1.333893
chr7	30064995	30069858	Jurkat_peak_52353	.	8.650528999999999	7.111811	5.786512999999999	6.706486	3.995426	18.116956	16.332713000000002	1.378261	1.426117	1.299884
chr7	39988061	39992956	Jurkat_peak_52560	.	12.110846	9.109686	5.168612	6.104261	3.921808	18.105726999999998	17.057651	1.3741459999999999	1.435857	1.3166200000000001
chr7	44142770	44147197	Jurkat_peak_52634	.	6.712761	5.414559	3.550779	3.673549	2.646627	10.89465	9.903827	1.1203610000000002	1.151199	1.166566
chr7	50343003	50352985	Jurkat_peak_52739	.	3.99231	3.518714	3.284649	3.223619	2.037896	6.481739	6.160148	1.246896	1.285966	1.258777
chr7	56117662	56121949	Jurkat_peak_52829	.	7.799834	6.494391	5.193086	5.222784	3.4562	16.141455	14.080460999999998	1.2929709999999999	1.335983	1.266825
chr7	86845787	86850386	Jurkat_peak_53124	.	7.881628	6.422974	4.393783999999999	4.743181	3.1100060000000003	13.378916	11.874352	1.304318	1.342781	1.271867
chr7	92215422	92220498	Jurkat_peak_53191	.	5.461362	4.693212	3.682633	3.778221	2.556845	9.569245	8.857396000000001	1.243288	1.254435	1.224435
chr7	92459065	92468255	Jurkat_peak_53252	.	7.718247	6.32517	4.6874210000000005	5.04725	3.16709	12.481206	11.777763	1.399166	1.431414	1.325777
chr7	99004075	99008736	Jurkat_peak_53340	.	8.932091999999999	7.591614999999999	5.395131	6.11926	3.831524	18.064543	15.196549	1.336285	1.397641	1.326314
chr7	100180706	100184959	Jurkat_peak_53419	.	10.45134	8.424823	5.426868	5.548566	3.578893	14.918342	12.990146000000001	1.3969530000000001	1.424319	1.318758
chr7	101457063	101461331	Jurkat_peak_53479	.	11.855225	8.998164	5.176012	6.412933	3.8669580000000003	17.56263	15.783657	1.334575	1.3980780000000002	1.3088540000000002
chr7	102071113	102075289	Jurkat_peak_53512	.	6.747658	5.066577	3.157584	3.8163989999999997	2.455511	9.116175	8.689608	1.202123	1.1913690000000001	1.15202
chr7	104650411	104658306	Jurkat_peak_53551	.	7.103769000000001	6.289286	4.688949	5.151552	3.3002480000000003	14.234835	12.965561	1.3464180000000001	1.439148	1.3066440000000001
chr7	105749242	105753732	Jurkat_peak_53606	.	5.447265	4.881808	3.6418809999999997	3.9620660000000005	2.541799	9.859207000000001	9.023499000000001	1.326331	1.34548	1.276248
chr7	129588777	129593333	Jurkat_peak_53860	.	6.3772	4.89489	3.6498660000000003	3.8888199999999995	2.4956400000000003	9.221492	8.585928	1.2366409999999999	1.25757	1.251228
chr7	130790163	130795266	Jurkat_peak_53894	.	8.877637	7.170925	4.846843	5.321561	3.08193	11.078104	10.965622	1.2529549999999998	1.255377	1.239341
chr7	138788144	138795134	Jurkat_peak_54070	.	7.603538	6.366558	4.870569000000001	4.632852	3.128634	12.768491000000001	11.412230000000001	1.389753	1.4581549999999999	1.352848
chr7	150753387	150758581	Jurkat_peak_54399	.	9.188377000000001	7.089789	4.763523999999999	4.8070020000000016	3.2869059999999997	12.270368	10.996462	1.284	1.355634	1.264391
chr7	150775492	150781373	Jurkat_peak_54400	.	11.395157000000001	9.164079	5.409527	5.801614	3.846446	16.095726000000003	14.875488	1.2604	1.29662	1.252012
chr7	155087613	155092979	Jurkat_peak_54531	.	6.258984	5.185638	3.559889	3.755929	2.492405	8.944835999999997	8.532617	1.359587	1.35994	1.289248
chr8	11659365	11663977	Jurkat_peak_54992	.	6.634232000000001	5.794408	3.973435	4.3644180000000015	2.8412040000000003	11.374092999999998	10.085136	1.343495	1.392187	1.298087
chr8	27628679	27633387	Jurkat_peak_55310	.	8.069880000000001	6.839397999999999	5.234856	5.666979	3.623511	16.255931	14.295696	1.2933860000000001	1.3044149999999999	1.241576
chr8	48870609	48875027	Jurkat_peak_55601	.	9.678236	8.18755	5.839664	6.359465	4.149906	19.308653	17.046837	1.314867	1.363896	1.25111
chr8	60027372	60033254	Jurkat_peak_55741	.	8.648364	7.14823	5.2927290000000005	5.539567	3.6560900000000003	15.594014999999999	14.081651999999998	1.437877	1.5304799999999998	1.38269
chr8	66751673	66755847	Jurkat_peak_55809	.	11.169738	9.142147999999999	5.262794	6.360028	4.167962	19.068398000000002	17.472282999999997	1.444986	1.446095	1.359235
chr8	67972714	67978440	Jurkat_peak_55859	.	7.747908	6.934489	5.8105970000000005	6.164423	3.7807769999999996	17.522695000000002	15.565586999999999	1.294224	1.372696	1.261055
chr8	99954690	99958943	Jurkat_peak_56186	.	6.593194	5.6993730000000005	5.1681029999999994	5.412014	3.1741919999999997	12.523244	11.965000999999999	1.059285	1.0882180000000001	1.167737
chr8	101961681	101966335	Jurkat_peak_56230	.	14.303503	11.11784	6.797184	7.805200999999999	5.0664419999999994	23.804485	21.380965	1.458092	1.494124	1.357115
chr8	103665394	103669648	Jurkat_peak_56281	.	10.808950999999999	7.584405	5.076498	5.6216349999999995	3.568915	14.370145999999998	12.929142	1.3588129999999998	1.402831	1.260239
chr8	128745874	128752436	Jurkat_peak_56593	.	9.103492999999999	7.2362649999999995	5.867271	5.6544620000000005	3.6044129999999996	13.819459	13.04873	1.043882	1.063046	1.135411
chr8	134068495	134073669	Jurkat_peak_56754	.	3.632222	3.442997	3.512204	3.183183	2.05483	4.527242	4.530919	1.1424219999999998	1.205183	1.203087
chr9	2014163	2018398	Jurkat_peak_57121	.	10.622050999999999	8.322488	5.01351	5.724169	3.668217	14.944628	13.473379999999999	1.437509	1.462391	1.30218
chr9	3524213	3529327	Jurkat_peak_57140	.	6.069230999999999	5.093385	3.9032690000000003	4.2025310000000005	2.69248	10.644910000000001	9.771863	1.370299	1.4008120000000002	1.26656
chr9	20620638	20625116	Jurkat_peak_57295	.	7.4119589999999995	6.032197	4.5103810000000015	4.838247	3.1484360000000002	11.425432	9.713378	1.437994	1.496282	1.276282
chr9	32549378	32553658	Jurkat_peak_57340	.	6.122823	5.527138	4.552124	4.7818950000000005	3.057912	12.219969	11.173297999999999	1.328673	1.371573	1.278848
chr9	34123405	34127663	Jurkat_peak_57412	.	5.709306	5.110108	3.8890089999999997	3.877133	2.654999	10.363443	9.536553	1.367492	1.402567	1.309244
chr9	74523317	74527981	Jurkat_peak_57734	.	6.809102	5.870831	4.511576	4.876187	3.2782199999999997	14.221169	12.916201	1.387767	1.4638120000000001	1.303678
chr9	75766402	75770928	Jurkat_peak_57746	.	1.341842	1.395892	1.698431	1.538913	1.2293100000000001	1.451938	1.635679	1.2502229999999999	1.288632	1.19066
chr9	80643276	80649084	Jurkat_peak_57870	.	6.743841000000001	5.438291	3.839611	4.3177439999999985	2.9092759999999998	11.86528	10.877835000000001	1.339783	1.461877	1.27325
chr9	86592607	86598600	Jurkat_peak_57962	.	6.950415	5.971391000000001	4.7225389999999985	5.112794999999999	3.187268	14.770466	12.900176	1.354398	1.414648	1.314226
chr9	91603834	91608151	Jurkat_peak_58017	.	4.824826	3.9401029999999997	2.843195	3.039561	2.075211	6.349462	5.993780999999999	1.067243	1.084125	1.184168
chr9	91924598	91930492	Jurkat_peak_58025	.	5.625493	4.887464	3.715475	4.0203419999999985	2.697543	11.29781	10.175349	1.400306	1.4542979999999999	1.326922
chr9	93563309	93568381	Jurkat_peak_58085	.	2.8498360000000003	2.408374	2.341641	2.3176080000000003	1.5950520000000001	4.3790429999999985	4.267233999999999	1.161851	1.235798	1.205701
chr9	95164207	95169520	Jurkat_peak_58177	.	1.292641	1.300216	1.68409	1.4004299999999998	1.124059	1.433583	1.6154620000000002	1.1309120000000001	1.16767	1.178241
chr9	98267700	98274150	Jurkat_peak_58270	.	9.212969000000001	7.415225	4.962955	5.271421	3.470999	12.633021000000001	12.312835	1.046735	1.0472629999999998	1.114023
chr9	99178091	99182472	Jurkat_peak_58286	.	9.871260000000001	7.674612	4.5208840000000015	5.438544	3.4692260000000004	15.74616	14.478319	1.385167	1.397765	1.348802
chr9	100393868	100398130	Jurkat_peak_58322	.	7.088814999999999	6.221143	4.650582	5.1746099999999995	3.397767	14.614392	13.148879	1.354116	1.374682	1.29443
chr9	100743501	100749082	Jurkat_peak_58343	.	7.805553	5.9188279999999995	3.653135	4.200482	2.715135	11.973124	11.14574	1.35214	1.423725	1.317364
chr9	102580994	102587454	Jurkat_peak_58396	.	8.355597	6.870125	4.842345	4.987768	3.10858	11.211764	10.211985	1.28547	1.3168030000000002	1.226444
chr9	106853975	106858832	Jurkat_peak_58434	.	3.3510459999999997	3.071915	3.087647	3.0760240000000003	2.068198	7.566833	6.855952	1.240861	1.261315	1.221379
chr9	123637534	123642397	Jurkat_peak_58747	.	5.4051800000000005	4.351868	3.0497810000000003	3.4238169999999997	2.288253	7.526192	7.377019000000001	1.2895299999999998	1.313473	1.270729
chr9	131936094	131941195	Jurkat_peak_59151	.	6.734814	5.594804	3.6054449999999996	3.813607	2.32147	6.042457	6.460088	1.163278	1.144815	1.117545
chr9	132800561	132806315	Jurkat_peak_59221	.	6.393623000000001	5.1808629999999996	3.863001	4.088649	2.711478	10.690292	9.941487	1.163081	1.186445	1.125286
chr9	134375464	134379881	Jurkat_peak_59295	.	7.088478	5.676798000000001	3.5510260000000002	3.87448	2.623981	9.477772	8.857282000000001	1.2363819999999999	1.269435	1.235095
chrX	12988821	12997371	Jurkat_peak_59652	.	2.772174	2.723221	2.450409	2.321381	1.6689919999999998	4.552067	4.412376999999999	1.160139	1.22297	1.1192950000000002
chrX	38660411	38666630	Jurkat_peak_59810	.	4.947042	4.0864220000000016	3.061473	3.239048	2.1676640000000003	7.5114529999999995	7.195048	1.169382	1.204018	1.155116
chrX	39954458	39958977	Jurkat_peak_59837	.	6.425562	5.091187000000001	3.2098419999999996	3.4587230000000004	2.428879	8.393084	8.039094	1.2055770000000001	1.2159149999999999	1.1666450000000002
chrX	40032707	40037748	Jurkat_peak_59846	.	4.210041	3.5103459999999997	2.426898	2.78234	1.78922	5.32484	5.080236	1.16047	1.189229	1.135235
chrX	41189787	41195823	Jurkat_peak_59868	.	5.180937999999999	4.465712	3.3196269999999997	3.517879	2.3102240000000003	8.627234999999999	7.577696	1.204074	1.204212	1.138047
chrX	47049696	47054637	Jurkat_peak_59913	.	4.555516000000001	4.174239	3.282973	3.3653120000000003	2.247229	8.121428	7.332944	1.160359	1.147845	1.133765
chrX	53709291	53714085	Jurkat_peak_60006	.	4.818423	4.226338	3.267957	3.520853	2.328188	8.900521000000003	8.054188	1.165303	1.1782780000000002	1.167452
chrX	70327251	70332527	Jurkat_peak_60115	.	2.180107	2.206941	2.288601	2.028191	1.522935	3.656195	3.5367300000000004	1.186144	1.209417	1.1491040000000001
chrX	77359101	77363381	Jurkat_peak_60169	.	3.740872	3.5411629999999996	3.0978470000000002	3.2398569999999998	2.234328	8.307682000000002	7.450842999999999	1.211816	1.236394	1.1686
chrX	123093201	123097890	Jurkat_peak_60372	.	4.888982	4.1829160000000005	3.354567	3.661121	2.354159	8.548010000000001	7.927491000000001	1.195846	1.241565	1.169154
chrX	123479597	123483771	Jurkat_peak_60379	.	2.9831689999999997	2.815916	2.581052	2.538574	1.8109	4.6807620000000005	4.7903150000000005	1.188855	1.210549	1.151126
chrX	128912933	128917612	Jurkat_peak_60415	.	3.03045	2.658716	2.7033400000000003	2.3636	1.7849150000000003	4.7853309999999984	4.7757520000000016	1.215956	1.246378	1.194926
chrX	153232462	153239707	Jurkat_peak_60608	.	6.126848000000001	5.111473	3.267243	3.4956410000000004	2.385339	8.883087	7.990545	1.23361	1.279726	1.174719
