chrom	start	end	name	strand	Jurkat_DMSO_H3K4me3	Jurkat_OCIR_H3K4me3	Jurkat_PM_H3K4me3	Jurkat_RY_H3K4me3	Jurkat_DMSO_24H_H3K4me3	Jurkat_PBIT_5H_H3K4me3	Jurkat_PBIT_24H_H3K4me3	Loucy_DMSO_24H_H3K4me3	Loucy_PBIT_5H_H3K4me3	Loucy_PBIT_24H_H3K4me3
chr1	6294466	6296851	ENSG00000116237	*	11.320715	9.029503	5.872701	6.673038	4.1986360000000005	20.836673	19.00359	1.259269	1.336627	1.193499
chr1	6760453	6762387	ENSG00000007923	*	14.891233999999999	11.191326	7.022749	7.945154	4.979214	26.994753000000003	23.163389000000002	1.355185	1.438004	1.277256
chr1	9599100	9601048	ENSG00000171612	*	13.170214000000001	10.390577	5.749621	6.7563509999999996	4.358297	22.149532999999998	19.79133	1.389055	1.378042	1.267267
chr1	11118642	11120107	ENSG00000116649	*	22.587765	16.085739	8.744137	10.273444	6.678195	35.877209	31.761491999999997	1.3878709999999999	1.460494	1.274538
chr1	17247862	17249277	ENSG00000058453	*	6.1126309999999995	4.304689	4.015924	3.59968	2.383469	5.777501	6.491375	1.2031479999999999	1.180656	1.136399
chr1	17337104	17338935	ENSG00000159363	*	13.793434	10.10779	5.615376	6.4160699999999995	4.257039	19.084244	17.212646	1.386955	1.4785030000000001	1.255671
chr1	21501824	21503833	ENSG00000075151	*	12.246253	9.296358	4.721337	6.000553	3.6737349999999998	16.722338999999998	14.321319	1.330115	1.392231	1.258415
chr1	22777830	22779660	ENSG00000184677	*	9.854080999999999	8.450623	6.356529	6.994824	4.1368529999999994	20.783359	17.114506	1.356099	1.4014010000000001	1.284389
chr1	24017791	24020416	ENSG00000142676	*	7.853166000000001	6.668964	5.566914	6.098804	3.855782	19.746536	17.259233	1.377984	1.431486	1.307274
chr1	24125720	24128280	ENSG00000117308	*	12.609649000000001	10.105061	6.3479589999999995	6.599005	4.404029	21.111452	18.517483	1.288931	1.36183	1.259354
chr1	24150860	24152756	ENSG00000117305	*	9.587750999999999	8.236301000000001	6.280753	6.699908	4.02283	18.731142000000002	16.927794	1.309906	1.31795	1.272281
chr1	27928579	27928748	ENSG00000126705	*	1.7473109999999998	1.395233	1.411366	1.226709	1.165468	1.3127879999999998	1.278912	1.383489	1.56534	1.376549
chr1	28285951	28287979	ENSG00000158156	*	9.809553999999999	7.206291	4.078192	4.9811999999999985	3.164939	12.429611999999999	11.332055	1.2028450000000002	1.26631	1.2360229999999999
chr1	28558117	28559921	ENSG00000126698	*	10.266359	9.028039	6.584293	6.684713	4.660996	22.701135	19.514192	1.344962	1.417366	1.32215
chr1	28844128	28846233	ENSG00000180198	*	10.924069	8.713086	5.190648	6.288607	3.7628440000000003	16.125669000000002	16.068696	1.3008170000000001	1.344228	1.280355
chr1	32756716	32759131	ENSG00000116478	*	9.609291	7.965444000000001	5.620669	5.625381	3.896349	16.492725999999998	14.804785	1.31772	1.358299	1.254751
chr1	33500853	33502949	ENSG00000004455	*	8.893685999999997	7.606921000000001	5.619967	6.174514	3.9895300000000002	21.023401	17.760059	1.3198530000000002	1.437736	1.283508
chr1	38454209	38456392	ENSG00000183431	*	12.112035	9.438645	7.085087	7.938122	4.824211	23.849549	21.537886999999998	1.328977	1.368897	1.279205
chr1	38477903	38480214	ENSG00000183520	*	6.995551	6.311758	5.2683029999999995	5.234619	3.3878839999999997	15.63824	14.194693	1.289023	1.299303	1.232226
chr1	40347622	40349766	ENSG00000043514	*	8.850014	7.615791000000001	5.491124	6.589434	4.0500050000000005	19.129145	16.327537	1.313018	1.330874	1.299958
chr1	44434950	44437257	ENSG00000132768	*	7.821200999999999	6.370644	4.634917	4.925476000000001	3.282254	13.689182999999998	11.817295	1.200659	1.261168	1.2672299999999999
chr1	47068675	47071115	ENSG00000079277	*	6.245327	5.472094	4.4180670000000015	4.383854	2.848818	10.474838	8.935538000000003	1.265879	1.270795	1.19864
chr1	65209722	65212120	ENSG00000162437	*	11.893574000000001	8.857704	5.448262000000001	6.546809	4.038454	19.630753	17.173653	1.349608	1.423197	1.313295
chr1	107598812	107600720	ENSG00000198890	*	14.029077	10.651088	5.8543650000000005	6.748614999999999	4.332512	21.211655	17.920501	1.516772	1.4938930000000001	1.3820290000000002
chr1	109202503	109203288	ENSG00000162639	*	2.651052	2.834597	3.48673	3.5212410000000003	2.146105	7.945608999999999	7.34135	1.310648	1.382785	1.20787
chr1	117663041	117665091	ENSG00000134253	*	7.345277	5.705067	3.5558300000000003	4.371079	2.771539	10.199305	8.849219999999997	1.202739	1.220644	1.201127
chr1	147012099	147014721	ENSG00000116128	*	3.688362	3.39111	3.244048	3.061054	1.927988	5.256721	5.064627	1.1705940000000001	1.219407	1.190208
chr1	150265478	150267412	ENSG00000187145	*	7.891871000000001	7.124494	6.414661	6.892380999999999	4.015699	19.560576	17.753444000000002	1.293158	1.321755	1.270364
chr1	151371078	151373463	ENSG00000159377	*	10.157554	8.580255000000001	6.2713	7.103142	4.1662	21.07733	17.909435000000002	1.315187	1.355158	1.27635
chr1	151483037	151485004	ENSG00000143375	*	9.967474000000001	7.972797999999999	4.873949	5.705133	3.440418	13.165779999999998	12.309828	1.230499	1.297573	1.228958
chr1	153630345	153632615	ENSG00000143553	*	8.011777	6.934321000000001	4.363512	5.116003	3.261218	12.315854	11.560260000000001	1.264908	1.277808	1.275951
chr1	153641628	153643594	ENSG00000143621	*	8.15627	7.318273	6.291739	6.5482949999999995	4.170293	21.255344	18.580598000000002	1.4241709999999999	1.484803	1.413467
chr1	155230603	155232616	ENSG00000116521	*	10.324172	8.677328	5.545614	6.234634	4.064756	18.460442999999998	16.599543	1.344071	1.390807	1.257369
chr1	155989501	155991298	ENSG00000163479	*	12.429834	9.109196	5.974182	6.772448	4.6639719999999985	22.580159	19.57603	1.371414	1.392149	1.31809
chr1	167522172	167523771	ENSG00000143162	*	11.700694	8.954941	5.538621	6.8610240000000005	4.004233999999999	18.274977	17.212684	1.304152	1.358462	1.303083
chr1	168147534	168149931	ENSG00000143155	*	10.046756	8.409543	6.248419999999999	6.947052	4.354352	20.092234	18.0182	1.344095	1.411044	1.341444
chr1	170042496	170044709	ENSG00000075945	*	6.423678	5.768061	4.5943640000000014	5.033505	3.042896	12.945621000000001	11.551948	1.228553	1.262514	1.190444
chr1	178994140	178996562	ENSG00000116199	*	11.53862	8.449974000000001	5.784943	7.126923	4.056489	21.245988	16.995278	1.3180530000000001	1.333779	1.205515
chr1	200990503	200992821	ENSG00000116852	*	8.793687	7.8001	4.613589	4.944014	3.21864	14.898767999999999	14.396448000000001	1.3297219999999998	1.405743	1.328052
chr1	201437433	201438914	ENSG00000174307	*	11.166830000000001	8.202569	4.426647	5.402008	3.33152	12.814283999999999	12.65773	1.069805	1.072481	1.108457
chr1	202895112	202897013	ENSG00000117153	*	10.442591	9.063363	6.060109	7.059778999999999	4.3779580000000005	20.731607999999998	18.667696	1.2997040000000002	1.377149	1.266702
chr1	203830397	203832487	ENSG00000182004	*	7.7778350000000005	6.9719	6.372222	6.874346000000001	4.046183	20.072564	18.406748	1.391801	1.520159	1.312058
chr1	204120406	204122033	ENSG00000143845	*	12.542494	8.912791	5.6543849999999996	5.760941000000001	3.9192620000000002	15.581257999999998	15.005671	1.123874	1.195372	1.128483
chr1	205196314	205198758	ENSG00000133069	*	7.440385000000001	5.75015	4.576464	4.645326	2.806724	9.428033000000001	8.696883999999999	1.237659	1.310877	1.2111459999999998
chr1	206643231	206645109	ENSG00000143466	*	8.427406999999999	6.503175	4.528173000000001	4.748076999999999	3.104037	11.22321	10.88097	1.412868	1.407426	1.3069540000000002
chr1	206680675	206681095	ENSG00000136653	*	10.639846	7.684492999999999	4.916805	4.730754	3.063827	8.664733	9.147167	1.056144	1.0510110000000001	1.069313
chr1	211847712	211849644	ENSG00000117650	*	9.149171	7.103279	4.8724539999999985	6.190772	3.7144120000000003	15.237009	14.112779000000002	1.291733	1.3124559999999998	1.318439
chr1	212586661	212586779	ENSG00000065600	*	1.171423	1.14489	1.6542419999999998	1.125432	1.045146	1.227056	1.3053290000000002	1.140639	1.174718	1.263588
chr1	220444286	220446355	ENSG00000118873	*	8.356425999999999	7.227355	4.788889	5.497444000000001	3.3839940000000004	14.607315	13.287642000000002	1.3245129999999998	1.338797	1.172621
chr1	233462665	233464849	ENSG00000143674	*	13.285770999999999	10.132717999999999	5.584537	6.621473	3.9811910000000004	18.519714	17.996768	1.282418	1.3278860000000001	1.288571
chr1	244613304	244615372	ENSG00000035687	*	11.830852	9.635715	5.886882	6.178281	3.9948269999999995	18.809265	17.62076	1.3680459999999999	1.343839	1.363091
chr10	5044797	5044948	ENSG00000151632	*	1.0	1.06269	1.0256969999999999	1.010581	1.005483	1.001798	1.2522010000000001	1.091014	1.0572409999999999	1.216806
chr10	6186111	6187674	ENSG00000170525	*	15.274241	11.823406	5.917584	7.263717	4.576244	20.911248999999998	19.544855	1.382796	1.450984	1.247587
chr10	11059388	11061342	ENSG00000048740	*	15.401793	10.924308	6.505523	8.330235	5.269353	27.671452000000002	25.388056	1.046927	1.0458379999999998	1.108262
chr10	12083350	12085889	ENSG00000151461	*	10.878503	9.020087	5.7848370000000005	6.398828	4.101032	20.057810999999997	17.025492	1.3627719999999999	1.450479	1.291672
chr10	16858340	16860489	ENSG00000148484	*	8.322825	6.807177	4.911798	5.477461	3.4830339999999995	14.594664000000002	12.99622	1.272735	1.304821	1.2128709999999998
chr10	51623033	51623104	ENSG00000138297	*	1.6262969999999999	1.7979159999999998	1.471367	1.340506	1.9039	6.907744	4.716476	1.086739	1.093804	1.0
chr10	65224481	65226521	ENSG00000171988	*	12.848586	9.917106	5.932443	6.729781	4.256789	18.388153	17.163397	1.361404	1.467589	1.325639
chr10	69643778	69646268	ENSG00000096717	*	8.8904	7.1535020000000005	4.947699	5.586265	3.501123	14.822073000000001	14.532435000000001	1.347378	1.337231	1.2449860000000001
chr10	71991489	71993950	ENSG00000180817	*	11.392334	10.100230999999999	6.5645679999999995	7.455442999999999	4.465387000000001	21.624149	19.852745000000002	1.391082	1.448768	1.339995
chr10	72141129	72142866	ENSG00000172731	*	13.311547000000001	10.113304	5.414737000000001	6.67307	4.2520620000000005	18.735132999999998	16.028767000000002	1.285493	1.352199	1.26936
chr10	76586069	76587618	ENSG00000156650	*	7.937753	6.137066	3.752885	4.370668	2.7961400000000003	11.175094999999999	10.125772999999999	1.290199	1.297288	1.161692
chr10	79792891	79795221	ENSG00000138326	*	8.334646000000001	6.664624000000001	6.384174	6.546232	4.216921	20.581526999999998	18.597455	1.377082	1.444312	1.286929
chr10	81106735	81108927	ENSG00000108179	*	11.439318	9.119595	5.090779	6.076605000000001	3.8406559999999996	17.328912	15.844574	1.437367	1.417717	1.29777
chr10	82214050	82215678	ENSG00000108219	*	15.596251	11.620939	6.57635	7.411353	4.797408	23.481369	20.805774	1.46497	1.498523	1.3683020000000001
chr10	97049423	97049598	ENSG00000107438	*	1.415528	1.272117	1.3436780000000002	1.089745	1.034994	1.181031	1.513098	1.050749	1.025325	1.051073
chr10	97415092	97417138	ENSG00000059573	*	11.558739	9.310098	5.798222	6.471906	4.2116880000000005	19.587122	17.058882999999998	1.325761	1.388441	1.298799
chr10	103911395	103913920	ENSG00000166197	*	8.010131000000001	7.08605	5.904879	6.397794	3.929241	20.280555	17.548182999999998	1.311678	1.318166	1.261938
chr10	106027585	106029732	ENSG00000065621	*	7.636	7.180246	5.749728	6.1796489999999995	3.841554	17.425037	15.504597	1.338298	1.314194	1.2172319999999999
chr10	120789270	120790912	ENSG00000188613	*	8.320179	6.83743	4.170514	4.7065389999999985	2.616241	10.060058	9.006467	1.139759	1.204324	1.173374
chr10	126106387	126108188	ENSG00000065154	*	13.054569	9.467581	5.028716999999999	6.48712	4.2221910000000005	19.486656	17.77636	1.292616	1.19031	1.230523
chr10	126149955	126151296	ENSG00000107902	*	12.23653	9.686813	5.522	6.867994	4.310825	17.705517	17.619010999999997	1.302206	1.314166	1.191685
chr11	288088	290106	ENSG00000142102	*	12.067064	9.586714	5.302775	6.602595	3.963544	16.911026	16.649314	1.2701770000000001	1.3088469999999999	1.232789
chr11	534306	536506	ENSG00000174775	*	13.290739000000002	9.955831	5.027801999999999	6.363465	4.065195	19.059682000000002	16.074427	1.345227	1.3881620000000001	1.285683
chr11	2398704	2400430	ENSG00000110651	*	16.216932999999994	11.364372	6.487634	7.60991	4.961530000000001	25.558391	21.142416	1.392241	1.487922	1.3071469999999998
chr11	36310167	36311672	ENSG00000110442	*	6.306018	6.289757	5.559330999999999	6.445479	3.796104	15.634431	14.51152	1.31349	1.344765	1.263339
chr11	43332970	43335191	ENSG00000166181	*	8.062626	6.363606	4.936869000000001	5.32535	3.440467	15.213607000000001	13.803629999999998	1.269811	1.314552	1.347369
chr11	46866201	46868583	ENSG00000175216	*	11.167486	8.805978999999999	6.276687	6.685131	4.54961	21.642283	19.154953	1.365489	1.4313129999999998	1.345138
chr11	57424392	57426531	ENSG00000172409	*	5.3192260000000005	5.449189	4.8069570000000015	5.052162	3.081902	12.182772	11.623852000000001	1.270502	1.296504	1.193881
chr11	63953536	63955227	ENSG00000168439	*	13.651707	10.513022	6.958464	7.43642	5.156984	26.93892	23.140452	1.449717	1.489435	1.321871
chr11	64073000	64075159	ENSG00000173153	*	11.951327000000001	8.756255	5.029482	5.874365	4.232282	19.905995	17.246184	1.361601	1.380903	1.284295
chr11	64883740	64885680	ENSG00000149809	*	10.006003999999999	8.120526	4.1101899999999985	4.932938	3.068434	14.043586	12.349358	1.2412590000000001	1.265428	1.2400950000000002
chr11	65101048	65103204	ENSG00000133884	*	11.080152	9.533284	5.714641	6.645627	4.317667	19.741612	17.604657	1.332082	1.409848	1.314728
chr11	66246552	66249117	ENSG00000254986	*	11.666805	10.174847999999999	6.199712	6.9852289999999995	4.595351	21.052703	19.127932	1.282441	1.385114	1.256181
chr11	66487491	66489116	ENSG00000173898	*	2.867368	2.647735	2.447328	2.015289	1.358199	2.33395	2.626167	1.1212440000000001	1.188289	1.14907
chr11	67167609	67170061	ENSG00000172531	*	11.032333	8.082834	4.7438470000000015	5.292312	3.6549370000000003	14.984043	14.105229999999999	1.292318	1.393176	1.362967
chr11	67274653	67276894	ENSG00000167797	*	14.699019	10.83188	5.92475	7.048964	4.7395190000000005	18.48326	17.279273999999997	1.350098	1.437516	1.251627
chr11	110299970	110302425	ENSG00000137714	*	9.573374000000001	7.572978	5.061999	6.126425	3.862427	17.591287	16.112935999999998	1.304358	1.334718	1.213965
chr11	125757317	125758590	ENSG00000198331	*	11.910094	9.345316	5.919003	7.080333	3.977897	18.085989	16.350943	1.370877	1.340719	1.331713
chr12	1799173	1801681	ENSG00000006831	*	9.189814	7.377821000000001	5.284942	5.440957	3.7120269999999995	16.609299	14.849051000000001	1.352542	1.283555	1.284648
chr12	7033546	7034251	ENSG00000111676	*	1.863119	1.905442	2.247088	1.9628310000000002	1.207722	1.888209	2.2291630000000002	1.0717450000000002	1.149413	1.091279
chr12	27175111	27176943	ENSG00000152944	*	7.606472999999999	6.373167	5.078361	5.883212	3.615767	15.917451999999999	14.850151	1.356701	1.359022	1.237968
chr12	50134655	50137246	ENSG00000139644	*	7.649236999999999	6.827553999999999	4.947344	5.054608	3.2953980000000005	14.026604999999998	12.975066	1.299766	1.307992	1.273302
chr12	50417929	50419878	ENSG00000161800	*	8.589210000000001	7.252422999999999	5.643867	6.135305000000001	3.836531	18.478216	16.022171999999998	1.332386	1.3516540000000001	1.2894299999999999
chr12	51631682	51634148	ENSG00000183283	*	10.786756	8.992771000000003	5.821317	6.525043	4.074718	18.299284	16.224864999999998	1.32572	1.356698	1.20454
chr12	54652714	54654470	ENSG00000094916	*	1.380823	1.328671	1.4758229999999999	1.286683	1.152541	1.408042	1.486469	1.079334	1.0874840000000001	1.116514
chr12	54718195	54719769	ENSG00000111481	*	6.0727970000000004	5.576557	4.968572	5.725255000000001	3.6053040000000003	15.651805	13.918799	1.270475	1.258793	1.207893
chr12	54891070	54893353	ENSG00000123338	*	2.699082	2.841389	2.762012	2.7425650000000004	2.115025	6.519871	6.429119999999999	1.28603	1.356107	1.235074
chr12	57038359	57040593	ENSG00000110955	*	10.586356	9.065553	6.6990229999999995	7.682024	4.680517	23.378398999999998	20.726753	1.45579	1.483934	1.396123
chr12	57471320	57473439	ENSG00000166881	*	9.241552	7.65498	5.444234	6.016369	3.5175089999999996	16.330168999999998	14.822370999999999	1.3349360000000001	1.325036	1.22943
chr12	58025818	58027619	ENSG00000135454	*	11.382862	8.361936	4.962242	5.916148000000001	3.696754	16.310921999999998	14.785877	1.064817	1.0897569999999999	1.130873
chr12	64797304	64799845	ENSG00000184575	*	11.142225999999999	9.357915	5.868462	6.715126	4.248753	21.130816	18.973149	1.3406040000000001	1.423317	1.298759
chr12	69978580	69980868	ENSG00000166226	*	9.042544	7.578778	5.5774669999999995	5.9522260000000005	3.7401150000000003	17.148031	15.343532999999999	1.401875	1.351572	1.302776
chr12	70131956	70134053	ENSG00000127328	*	13.968626	11.354030999999999	6.261966	7.677455999999999	4.981567	23.932496	20.468515	1.428942	1.4353209999999998	1.347281
chr12	76952013	76954490	ENSG00000091039	*	11.122601	9.377264	5.9494739999999995	6.532624	3.920343	18.713227	16.263961000000002	1.340637	1.4031360000000002	1.310272
chr12	96428260	96430308	ENSG00000111144	*	11.271037	9.254395	6.29751	6.532948	4.204707	18.885597	15.901066	1.380314	1.419505	1.3064870000000002
chr12	102454743	102456486	ENSG00000120860	*	8.087144	6.919214	5.035931	5.818657	3.403981	14.588464000000002	12.712311999999999	1.2661930000000001	1.267121	1.316869
chr12	104530510	104532834	ENSG00000120837	*	7.932117	5.971524	3.849097	4.83664	2.780695	14.730182000000001	12.013603999999999	1.272525	1.2861770000000001	1.26099
chr12	105723717	105726266	ENSG00000235162	*	8.914067999999999	6.602798	4.67784	5.111128	3.4019480000000004	13.354304	12.227892	1.3132629999999998	1.354881	1.295477
chr12	110337440	110339604	ENSG00000139437	*	8.613764999999999	7.231342	5.248641	5.961212000000001	3.5217	14.971364000000001	13.887432999999998	1.377347	1.41476	1.291285
chr12	110886882	110888490	ENSG00000111229	*	12.601767	10.373763	7.212383999999999	7.454732000000001	4.9384120000000005	24.175167000000002	21.410942000000002	1.4115309999999999	1.49306	1.309867
chr12	111126350	111128198	ENSG00000122986	*	6.787407000000001	4.876907	3.433722	4.0437569999999985	2.375715	6.311627	6.608428999999999	1.204703	1.288605	1.2692379999999999
chr12	111805557	111805777	ENSG00000198324	*	1.726705	1.5202870000000002	1.53096	1.275275	1.142164	1.792835	1.528638	1.151089	1.1459110000000001	1.0610549999999999
chr12	118453928	118456385	ENSG00000111445	*	7.840686	6.374006	4.833221	5.021083999999999	3.234998	14.600044	12.239965	1.2685440000000001	1.259843	1.219403
chr12	121018181	121020337	ENSG00000167272	*	9.636650999999999	7.904725999999999	6.3502849999999995	6.790446	4.244693	19.1916	17.293291	1.274999	1.361138	1.307432
chr12	131356571	131358748	ENSG00000132341	*	9.403888	7.491194999999999	5.430063	6.267247	3.918943	19.681906	17.268141	1.4240329999999999	1.485031	1.32673
chr13	20355411	20357419	ENSG00000121390	*	14.821557	12.031442	8.021739	8.708506	5.619041	30.098127	26.801928999999998	1.398156	1.489978	1.327472
chr13	21475067	21477593	ENSG00000132953	*	12.855704	11.560875	7.189566	7.938167	4.8791720000000005	26.622390000000003	22.819907999999998	1.363741	1.404612	1.26699
chr13	22031927	22034112	ENSG00000180776	*	12.131259	9.579439	6.3816809999999995	6.888309	4.398893	23.519385999999997	20.848925	1.3957190000000002	1.404509	1.287036
chr13	111766877	111768094	ENSG00000102606	*	12.000783	8.653386000000001	5.302828	6.142837999999999	3.4703120000000003	18.832481	15.516419	1.0142360000000001	1.038227	1.108525
chr13	113950718	113953238	ENSG00000185896	*	13.075492	10.128115	6.051751	7.192685000000001	4.905123000000001	24.268572	22.041437	1.314367	1.440078	1.2649709999999998
chr13	114238490	114240742	ENSG00000198176	*	9.919396	7.470083	4.622502	5.47045	3.4519910000000005	16.785422	14.440326999999998	1.042761	1.035793	1.0713030000000001
chr14	21457240	21459685	ENSG00000165792	*	6.928327	6.006753	4.857425	5.198175	3.3990730000000005	15.135620999999999	12.663185	1.28754	1.395774	1.222569
chr14	23056947	23059190	ENSG00000129562	*	6.063115	5.887073	4.92536	5.943554	3.490971	15.135941	13.562404	1.350068	1.340875	1.3226719999999998
chr14	23066701	23068259	ENSG00000100439	*	8.641764	6.924498	5.533894999999999	6.331669000000001	3.822536	15.837306	14.44861	1.364645	1.3562969999999999	1.376457
chr14	23502751	23504957	ENSG00000100804	*	8.863921999999997	7.709098	5.432326	5.908528	3.901972	17.680819	14.896770000000002	1.269699	1.37473	1.341697
chr14	23789151	23790442	ENSG00000258643	*	4.992604	5.035112000000001	4.466528	4.2700010000000015	2.563229	9.589032000000001	9.352074	1.198181	1.202844	1.1891399999999999
chr14	24604609	24607115	ENSG00000092010	*	9.291518	7.019971000000001	4.4516589999999985	4.800180999999999	3.347264	13.590307999999999	12.59959	1.259426	1.2865469999999999	1.22726
chr14	24808191	24809506	ENSG00000129465	*	3.861876	3.102467	2.654449	2.728329	1.830754	5.089793	5.3881440000000005	1.151195	1.214914	1.170929
chr14	51706152	51708550	ENSG00000139921	*	7.3448	6.524957	5.257254	5.825401	3.4184059999999996	15.195257999999999	13.863894	1.333388	1.400059	1.2491450000000002
chr14	61200985	61203095	ENSG00000020426	*	5.912161	5.355168	4.515889	4.857080000000001	3.144078	13.495663	11.905183000000001	1.295595	1.360552	1.280296
chr14	73392323	73394622	ENSG00000119599	*	10.747024	8.756377	5.716081	6.367862000000001	4.040743	18.038682	15.603679000000001	1.243781	1.286115	1.250499
chr14	81998937	82000972	ENSG00000071537	*	7.661915	6.692627000000001	4.918055000000001	5.021925	3.35742	15.043538	13.170217999999998	1.266758	1.259426	1.208909
chr14	93260001	93262617	ENSG00000066455	*	7.800928999999999	6.686825	4.1701820000000005	4.910965	3.2142619999999997	14.035362	12.074164999999999	1.282083	1.285477	1.2983149999999999
chr14	100259686	100260493	ENSG00000066629	*	10.284550999999999	6.9564710000000005	4.718459999999999	5.312733000000001	2.967044	13.245525	10.043828999999999	1.041611	1.029037	1.072337
chr14	100840891	100841037	ENSG00000140105	*	1.220577	1.200464	1.040973	1.0359260000000001	1.094804	1.158092	1.463498	1.056057	1.058195	1.139226
chr14	105941146	105941755	ENSG00000182809	*	6.3966330000000005	4.814329	3.66514	3.217336	2.111574	5.692547	5.333751	1.020358	1.051102	1.04277
chr15	41522927	41524401	ENSG00000187446	*	11.207577	8.392837	5.698763	6.545363	4.01853	18.707608	16.706165	1.283151	1.3555709999999999	1.2590370000000002
chr15	44037893	44040346	ENSG00000167004	*	9.921825	7.6438369999999995	5.066004	5.842184	3.6843230000000005	16.755118	14.672514999999999	1.281767	1.261554	1.258362
chr15	44115716	44117638	ENSG00000140259	*	5.232305	5.09853	4.2456429999999985	4.272241	3.069582	12.504535	12.182816	1.2636209999999999	1.2492370000000002	1.234956
chr15	55581100	55582996	ENSG00000069974	*	13.491364	10.647008	6.892241	8.239573	4.942556	22.892666000000002	20.73924	1.451114	1.541651	1.375773
chr15	59396577	59398606	ENSG00000157456	*	9.21374	7.418247999999999	5.637503	6.289719	3.9272970000000003	19.289473	17.413457	1.354753	1.3592090000000001	1.307872
chr15	61519810	61520339	ENSG00000069667	*	5.562457	4.6331169999999995	4.3680059999999985	4.251972	2.71855	8.865961	8.124642	1.151281	1.298408	1.255364
chr15	64453931	64456270	ENSG00000166794	*	9.014418	7.53562	5.572322	6.097182	3.8682449999999995	17.023945	15.714170000000001	1.32749	1.339426	1.253443
chr15	66788751	66789040	ENSG00000174446	*	1.7982749999999998	1.969109	1.665727	1.413576	1.257634	2.057059	2.286401	1.071555	1.1320860000000001	1.225675
chr15	75228717	75231174	ENSG00000178741	*	13.723482	11.208572	7.053755000000001	8.195031	5.061893	27.339071999999998	23.36972	1.335342	1.385151	1.276691
chr15	75916875	75919220	ENSG00000169371	*	10.864647	8.849093	5.458343	6.252294	3.952662	17.698506	16.306808	1.317356	1.321026	1.334642
chr15	91497759	91500206	ENSG00000166965	*	8.446983	7.143725	5.232526999999999	5.478954	3.1140060000000003	13.789717000000001	12.976465	1.320838	1.339735	1.237018
chr16	2245337	2246556	ENSG00000167971	*	6.4628120000000004	5.020472	3.178987	2.936723	2.103357	4.95722	5.667875	1.046545	1.060762	1.0864340000000001
chr16	2509260	2511498	ENSG00000162062	*	10.189867	7.912299000000001	4.649280999999999	5.092205	3.355642	12.772210000000001	11.747342	1.128667	1.131049	1.08325
chr16	2731081	2733483	ENSG00000167977	*	12.733041	10.239166	7.300739	8.012559	4.817641	24.344682000000002	20.930139999999998	1.0	1.0	1.0
chr16	27214218	27216575	ENSG00000155666	*	8.934662	7.902883	4.689133999999999	5.762991	3.5469239999999997	14.268707999999998	13.002249	1.308775	1.342329	1.227823
chr16	28564572	28566475	ENSG00000176476	*	6.049371	5.756044	4.014677	4.559408	2.708454	9.569642	9.261365	1.2484540000000002	1.2912649999999999	1.201527
chr16	29972528	29974479	ENSG00000149932	*	8.649245	7.348972	4.701157	5.12978	3.159843	12.725887	11.581037	1.291924	1.357531	1.305102
chr16	30455971	30457727	ENSG00000179918	*	8.994895	7.950794999999999	4.65632	5.655162000000001	3.52127	14.499977	13.418451000000001	1.433034	1.480521	1.460237
chr16	30483037	30485450	ENSG00000005844	*	2.51792	2.2184459999999997	2.4238660000000003	2.038783	1.552519	2.440936	2.3742080000000003	1.0864790000000002	1.129642	1.1336620000000002
chr16	50400965	50402886	ENSG00000166164	*	10.042072000000001	7.768702	5.4520800000000005	5.787048	3.703785	19.382269	15.792561	1.322096	1.399492	1.259352
chr16	53467875	53470337	ENSG00000103479	*	11.16414	8.961994	5.616483000000001	6.303749	4.0828940000000005	20.137963	17.75842	1.369345	1.346825	1.278722
chr16	58230116	58232587	ENSG00000070770	*	8.625157999999999	6.561177000000001	4.3810090000000015	4.787325	3.218693	15.079416	12.317253	1.254391	1.305974	1.289633
chr16	67225321	67227906	ENSG00000205250	*	11.349364999999999	9.499995	6.180058	6.707149	4.415425	21.457874	18.030784	1.352517	1.40645	1.337279
chr16	68001131	68003215	ENSG00000124067	*	11.609335	8.656742999999999	5.11189	6.034251	3.563074	16.061692	15.015817000000002	1.172516	1.207633	1.150033
chr16	69139235	69140837	ENSG00000103044	*	9.840491	8.225363	4.977425	5.652977	3.3534980000000005	13.803447	13.049128999999999	1.121043	1.124002	1.1818469999999999
chr16	69787240	69789459	ENSG00000141101	*	9.424919000000001	8.185956000000001	5.982463	6.750941	4.1551	21.193194000000002	18.747835000000002	1.349385	1.321202	1.2657909999999999
chr16	70718588	70720554	ENSG00000132613	*	10.764453	7.761686	4.82555	5.666404	3.445783	16.514001999999998	14.156338	1.131152	1.123075	1.135138
chr16	84650145	84651618	ENSG00000103187	*	15.659663	13.115847	7.935847	9.092464	5.97956	29.401398999999998	24.812872	1.0488389999999999	1.034243	1.12659
chr17	4698868	4700936	ENSG00000142507	*	7.187993	6.13402	5.1752910000000005	5.162521	3.5500580000000004	15.250612	13.276523000000001	1.276137	1.322858	1.2441520000000001
chr17	5340810	5343333	ENSG00000108561	*	7.2883070000000005	6.689671000000001	5.253701	5.760629	3.6266269999999996	16.695163	15.306178	1.229055	1.319544	1.1993120000000002
chr17	8112487	8114335	ENSG00000178999	*	10.29305	8.825109000000003	7.089117999999999	7.225103999999999	4.2595730000000005	19.423714	17.094625	1.409046	1.391304	1.337805
chr17	12920032	12922291	ENSG00000006744	*	9.050938	7.096436	5.325222	6.165189	3.9159550000000003	17.713785	15.761454	1.390311	1.307581	1.27942
chr17	16283850	16285408	ENSG00000170315	*	7.061306	6.228382	5.242296	5.2784059999999995	3.542818	15.603235999999999	13.752706	1.31044	1.279839	1.213339
chr17	36452586	36454157	ENSG00000174100	*	4.922203	4.213928	3.2911040000000003	3.8315589999999995	2.289189	7.927875	6.914758	1.1154469999999999	1.125997	1.120741
chr17	38572508	38574961	ENSG00000131747	*	8.451753	7.128699	5.481561	5.766758	3.654664	16.88113	14.496873999999998	1.379996	1.45108	1.337918
chr17	40705355	40707874	ENSG00000108786	*	12.678872	9.666451	5.841951	6.752114	4.174412	19.783742999999998	17.355639	1.3552620000000002	1.389989	1.301064
chr17	41172912	41174641	ENSG00000108828	*	16.830237	12.179547	6.6873380000000004	7.959956	5.410606	25.106703	23.149907000000002	1.439477	1.471569	1.318194
chr17	44302239	44303196	ENSG00000120071	*	6.712921000000001	5.510217	3.452008	4.452361	3.163642	12.991867	12.467922	1.098966	1.185649	1.0566229999999999
chr17	47020767	47022873	ENSG00000159210	*	9.802927	7.667535000000001	5.903689	6.238766	3.99816	18.655322	16.185945999999998	1.415689	1.400802	1.279397
chr17	48473277	48475459	ENSG00000108829	*	10.777989999999999	8.566556	5.930987	6.286979	4.162908	18.796248000000002	16.714925	1.348565	1.388816	1.3033709999999998
chr17	55037026	55038795	ENSG00000121058	*	7.009314999999999	6.17165	4.352115	4.218026999999999	2.92118	11.798221	10.370944999999999	1.301061	1.365649	1.22658
chr17	72868102	72870512	ENSG00000161513	*	6.915178999999999	6.0210099999999995	4.175233	4.721646	2.951474	10.960481	10.020271000000001	1.271018	1.306404	1.166527
chr17	73008196	73010250	ENSG00000167862	*	10.212538	8.125146	5.574014	6.0777660000000004	3.914417	17.788587	15.602516	1.346111	1.3436549999999998	1.226372
chr17	75276486	75278515	ENSG00000184640	*	11.588525	8.636901	5.357417	5.77576	3.658028	15.092877	14.085544	1.184757	1.221805	1.1697309999999999
chr17	78964765	78967391	ENSG00000176108	*	12.121977000000001	9.499815	5.296894	6.5477360000000004	4.275944	20.273564999999998	17.954824	1.333473	1.389586	1.257854
chr18	3453649	3454984	ENSG00000177426	*	1.778418	1.7217369999999999	2.692396	2.245864	1.390396	2.488661	2.6023560000000003	1.232972	1.302189	1.312826
chr18	11980487	11982522	ENSG00000141401	*	10.077853999999999	7.5814	4.5874310000000005	5.402563	3.480365	14.141496	13.246954	1.217947	1.244037	1.200276
chr18	19191941	19194419	ENSG00000167088	*	6.1690510000000005	5.465552	4.631067	5.007043	3.27175	14.2375	13.658626000000002	1.346837	1.3891	1.303201
chr18	23713259	23714562	ENSG00000154611	*	2.319462	2.380144	2.2515970000000003	2.1208560000000003	1.500132	3.556946	3.224951	1.0509950000000001	1.0760120000000002	1.180303
chr18	30049069	30049183	ENSG00000141441	*	1.695677	1.792659	2.7110760000000003	1.754673	1.24475	1.855134	1.989067	1.0830229999999998	1.078826	1.0873620000000002
chr19	797354	799929	ENSG00000011304	*	14.638172	10.956082	6.295833	6.792669	4.5721729999999985	24.918948	22.480851	1.462384	1.546716	1.365761
chr19	983858	985719	ENSG00000065268	*	10.523392999999999	8.391755	4.8711129999999985	5.875572	3.681743	19.379943	15.805403	1.349471	1.393741	1.315878
chr19	1437886	1440053	ENSG00000115268	*	16.340009000000002	11.676695	7.319185000000001	7.843508	5.354655	30.297715999999998	25.026255	1.436856	1.532534	1.407569
chr19	4122511	4124761	ENSG00000126934	*	8.23063	7.043055000000001	4.459266	4.927735	3.230181	16.608888999999998	13.836735999999998	1.264223	1.264868	1.231031
chr19	6480079	6480332	ENSG00000205744	*	1.186404	1.092203	1.483112	1.0518299999999998	1.009262	1.2447139999999999	1.201066	1.039459	1.013356	1.221652
chr19	8007128	8009552	ENSG00000104980	*	9.432267999999999	7.840198	5.38681	5.7816019999999995	3.948414	18.712242	16.636907	1.290366	1.307826	1.258693
chr19	8509126	8511699	ENSG00000099783	*	12.270984	9.608297	6.394264	7.088986	4.3818160000000015	23.996328	21.591299	1.436208	1.4788709999999998	1.382898
chr19	10229322	10230946	ENSG00000130811	*	12.804960000000001	10.701744999999999	6.2672300000000005	6.794366	4.577331	23.367852	19.490102	1.343589	1.377505	1.250018
chr19	11449308	11450961	ENSG00000105514	*	4.392309	3.551281	2.927892	2.833496	1.975184	5.893819000000001	6.003607	1.241793	1.249565	1.198174
chr19	12790420	12790527	ENSG00000095059	*	1.495911	1.5028270000000001	1.09897	1.021693	1.0823459999999998	1.228404	1.02617	1.073459	1.135471	1.1264889999999999
chr19	13043135	13045356	ENSG00000179115	*	10.948512	8.784313000000001	6.044732	6.556797	4.456983	24.366164	20.767661999999998	1.398981	1.4138389999999998	1.371468
chr19	13065903	13068521	ENSG00000179271	*	9.070273	7.422853999999999	4.830121	5.469876	3.469302	16.200685999999994	14.810866	1.313315	1.34694	1.268084
chr19	14200055	14201686	ENSG00000141858	*	6.0898010000000005	5.1091	3.002965	3.5667089999999995	2.575283	10.369075	9.604987	1.216417	1.333174	1.121529
chr19	16295687	16297782	ENSG00000105058	*	8.689278999999999	7.511825	5.365652	5.957212999999999	3.811953	19.106329000000002	16.934424999999994	1.366661	1.371256	1.335496
chr19	17797466	17797834	ENSG00000130477	*	3.011519	2.610852	1.59091	1.6600689999999998	1.2745799999999998	1.958778	1.9161439999999998	1.111155	1.094881	1.076609
chr19	19753164	19755034	ENSG00000089639	*	9.538616000000001	7.73013	5.211458	5.613253	3.574635	16.280495000000002	13.872010999999999	1.314059	1.32601	1.2887389999999999
chr19	29702256	29703845	ENSG00000169021	*	8.317855999999999	7.445164	5.354023000000001	6.036027	3.958017	21.328657	18.915871	1.363987	1.449106	1.3343040000000002
chr19	32835941	32838156	ENSG00000168813	*	8.993815	7.182912	4.89166	5.849158999999999	3.584463	17.484720000000003	15.941157	1.303723	1.351883	1.275355
chr19	38809982	38811238	ENSG00000099337	*	11.039047	8.356713000000001	5.229334	5.747632	3.7705830000000002	15.565522	15.481520000000002	1.267149	1.402763	1.309121
chr19	41700294	41700738	ENSG00000167600	*	2.114309	1.511031	1.388898	1.426505	1.166146	1.6544029999999998	1.766053	1.025332	1.061324	1.1957790000000001
chr19	41767772	41769776	ENSG00000105323	*	6.937538000000001	6.509633	4.894839	5.417057	3.2639810000000002	14.143019	13.526066	1.317465	1.404939	1.280646
chr19	46849562	46851577	ENSG00000011485	*	10.923921	8.673639999999999	5.789358999999999	6.075346	3.932921	18.399715	16.679755	1.313488	1.37591	1.203455
chr19	49126615	49128569	ENSG00000063176	*	5.282646	4.537598	3.40409	3.457125	2.3396790000000003	8.194512	8.104326	1.135839	1.204706	1.117018
chr19	49467790	49470158	ENSG00000087086	*	7.672878	6.5805929999999995	4.431189	4.9061710000000005	2.949802	12.52668	12.010228999999999	1.273115	1.243531	1.328609
chr19	50270256	50271566	ENSG00000196961	*	10.120428	8.810644	6.050603	5.7663	4.2384580000000005	19.363903	17.486242999999998	1.3737629999999998	1.450832	1.265501
chr19	54617304	54618104	ENSG00000105619	*	8.782582999999999	7.188981	4.111263	5.478509	3.221461	13.915458	13.408268	1.333124	1.41509	1.377428
chr19	54703762	54706241	ENSG00000170889	*	9.94448	8.811364999999999	6.795407000000001	7.214229	4.224713	20.16311	18.708064999999998	1.360968	1.389219	1.296775
chr2	10090805	10092776	ENSG00000134317	*	13.761475	10.133563	5.165201000000001	6.421224	4.265275	19.153331	17.545017	1.349569	1.423645	1.292937
chr2	10586559	10588471	ENSG00000115758	*	9.365143	7.806297	5.112394	6.011131	3.774164	18.392264	16.416517000000002	1.419308	1.3424639999999999	1.32372
chr2	27346049	27347309	ENSG00000143994	*	5.353381	4.08179	3.210029	3.4265220000000003	2.1394290000000002	7.197310000000001	7.415431	1.173872	1.162459	1.116819
chr2	32389737	32391996	ENSG00000152683	*	4.436904	4.264036	4.1885129999999995	4.3383780000000005	2.839014	12.034102	10.878814	1.3260020000000001	1.381319	1.337863
chr2	39004551	39006497	ENSG00000152147	*	3.5773040000000003	3.641204	3.51471	3.8541800000000004	2.4897210000000003	9.365950999999999	8.320453	1.271362	1.330051	1.302343
chr2	62132252	62133878	ENSG00000173163	*	7.650025	6.417072	5.409612999999999	5.728661	3.736356	14.359243	13.019494	1.35706	1.385684	1.361342
chr2	70120603	70122375	ENSG00000124380	*	6.0585949999999995	5.355886	5.003044999999999	5.350283999999999	3.337096	12.872419	11.866781	1.359697	1.318076	1.3548870000000002
chr2	74425140	74427398	ENSG00000065911	*	11.426182	9.906869	5.946668	6.704486999999999	4.045975	19.596686	17.430733	1.388395	1.302609	1.290468
chr2	85635424	85637902	ENSG00000042493	*	3.5997660000000002	2.999148	2.758085	2.270696	1.673818	2.6194930000000003	2.823615	1.233143	1.270645	1.227416
chr2	85821481	85824002	ENSG00000168894	*	7.7086619999999995	6.9013539999999995	5.0208129999999995	5.363961	3.6036379999999997	15.526595	13.282248999999998	1.379788	1.405511	1.293269
chr2	99277276	99278675	ENSG00000071073	*	1.050094	1.106916	1.384025	1.034476	1.025125	1.133994	1.168464	1.105672	1.0738940000000001	1.255364
chr2	112812670	112814583	ENSG00000153214	*	12.78298	9.850518	6.010916	6.989877000000001	4.593594	20.147825	18.304069000000002	1.464201	1.47755	1.410692
chr2	120436189	120438177	ENSG00000144120	*	7.0080100000000005	6.077105	5.108845	5.204489	3.469057	14.284626000000001	13.266342000000002	1.251803	1.223695	1.263431
chr2	132247818	132249371	ENSG00000173272	*	5.550171	4.4411000000000005	3.2952760000000003	3.180021	2.230194	7.187710000000001	7.404992	1.206927	1.26223	1.152166
chr2	175868711	175870897	ENSG00000128656	*	11.319317999999999	8.503084000000001	5.376914	6.2788379999999995	4.034757	17.764947	16.213073	1.0522	1.067912	1.192283
chr2	178077516	178079236	ENSG00000170144	*	10.723031	8.955364	6.327897	7.3503110000000005	4.4173029999999995	21.311721	19.353931	1.5450080000000002	1.586086	1.298301
chr2	187558329	187559313	ENSG00000144369	*	10.126884	6.940146	4.977178	5.623949	3.243382	10.762634	10.220928	1.062224	1.074502	1.110191
chr2	191513882	191515366	ENSG00000138386	*	11.472522999999999	9.262447	6.146412000000001	6.81198	4.2766350000000015	20.833427	18.105963	1.473744	1.4978280000000002	1.363154
chr2	201675627	201678093	ENSG00000082153	*	12.562722	9.625702	5.305605	6.646439999999999	4.315731	20.048042000000002	17.755383	1.395343	1.439051	1.2297040000000001
chr2	202506305	202508616	ENSG00000155755	*	9.73136	8.123253	5.999448	6.795266000000001	4.133202	17.182806	16.525181	1.440891	1.4340110000000001	1.32741
chr2	216973214	216975613	ENSG00000079246	*	5.531611	5.374868	4.909654	5.496911	3.271385	14.700429000000002	12.475099	1.334492	1.443433	1.345375
chr2	232573039	232573249	ENSG00000187514	*	3.2981160000000003	2.9764850000000003	2.2195009999999997	2.358518	1.6501150000000002	5.928362	6.029641000000001	1.0966989999999999	1.110651	1.062747
chr2	239228410	239230905	ENSG00000204104	*	9.104968	7.017728999999999	4.3472550000000005	4.7749039999999985	3.45265	14.145817000000001	12.554406	1.229164	1.314288	1.2313120000000002
chr20	361329	363218	ENSG00000101255	*	16.55809	12.44489	6.260864	7.766934	4.6618460000000015	23.653116	20.340753	1.262658	1.300527	1.267288
chr20	5730776	5731942	ENSG00000171984	*	4.489185	4.010881	4.036912	4.2942420000000014	2.699488	11.062764	9.947894999999999	1.310675	1.385888	1.2200600000000001
chr20	13201279	13202969	ENSG00000101230	*	9.695389	7.365962	4.52651	4.562647	3.05045	10.902906	10.838489	1.1186719999999999	1.1851909999999999	1.1188879999999999
chr20	18487415	18489872	ENSG00000101310	*	7.942044999999999	6.841402	5.478708999999999	5.917867	3.590682	15.366645000000002	13.608103	1.268274	1.31303	1.29806
chr20	31330223	31331937	ENSG00000149600	*	9.729196	7.490463	4.674415	5.77479	3.414623	14.000881	13.532045000000002	1.385948	1.459124	1.332301
chr20	31407726	31409323	ENSG00000101367	*	11.1368	8.832594	6.569185000000001	6.712658	4.606655	19.852821	17.166529999999998	1.350616	1.439282	1.335316
chr20	33263770	33266058	ENSG00000101464	*	10.183286	8.705645	5.735538	6.121658	3.957996	19.035572	16.392214000000003	1.294238	1.3401	1.283267
chr20	33998380	34000431	ENSG00000101019	*	5.774218	5.212574	5.278162	5.699693	3.3890809999999996	15.180420000000002	13.678232999999999	1.320731	1.348993	1.216643
chr20	34129088	34131052	ENSG00000125991	*	7.766464	6.275307	4.04584	4.620638	2.970567	11.362200999999999	10.392358999999999	1.231775	1.279364	1.216617
chr20	35400940	35403050	ENSG00000149636	*	10.346884	8.667955000000001	5.187113	6.45603	3.7359139999999997	16.122117000000003	15.150382	1.352471	1.456405	1.294092
chr20	42295060	42297213	ENSG00000101057	*	11.055521	8.545728	5.007933	5.890048999999999	3.7426660000000003	14.497893	13.962468	1.348473	1.30778	1.192193
chr20	43594281	43596764	ENSG00000101109	*	9.024502	7.5577309999999995	5.3861	5.9098690000000005	3.811958	16.057869	13.841393	1.308817	1.320422	1.306561
chr20	44716981	44719279	ENSG00000124160	*	11.658163	9.483198	5.605811	6.9773309999999995	4.187719	19.787088	17.890302	1.364067	1.415529	1.418762
chr20	55966507	55969046	ENSG00000132819	*	5.969485	5.068885	3.328072	3.188078	2.3263700000000003	6.756498	5.780546	1.319189	1.342266	1.2581799999999999
chr20	62693634	62695800	ENSG00000171703	*	13.0599	9.393369999999999	5.396391	6.263558	3.989168	17.828141	15.279060000000001	1.305244	1.339496	1.35204
chr21	38790975	38791251	ENSG00000157540	*	1.0570950000000001	1.048122	1.227578	1.035496	1.011377	1.247278	1.178223	1.055901	1.107257	1.111953
chr21	44494988	44496533	ENSG00000160200	*	18.080085	14.815610999999999	6.901136999999999	8.624905	5.273866	29.676890999999998	26.428219	1.04006	1.050556	1.1090879999999999
chr22	20119409	20120970	ENSG00000099904	*	11.330193	8.303229	4.809392	5.386784	3.836127	17.617485000000002	14.585104999999999	1.30051	1.345275	1.238645
chr22	21995601	21998083	ENSG00000128228	*	10.34201	7.876055	4.857469999999999	5.379651	3.4706629999999996	14.928142999999999	13.737919	1.379082	1.407157	1.2578340000000001
chr22	36923800	36926323	ENSG00000100353	*	6.952411	6.055225	4.779533	5.43165	3.36283	14.695172	13.033373	1.36495	1.388158	1.272733
chr22	41600848	41602500	ENSG00000100395	*	6.2518839999999996	5.604792	4.7439079999999985	5.001898000000001	3.295808	13.635479	11.885637	1.320813	1.331325	1.303037
chr22	46730946	46733178	ENSG00000100416	*	11.622800999999999	9.025213	5.593076	6.624267	4.1613190000000015	19.91956	17.663949	1.440392	1.5345339999999998	1.370827
chr3	10156798	10158978	ENSG00000254999	*	8.606347999999999	7.674155000000001	6.338146	6.593983000000001	4.05889	18.656456	16.617416	1.269919	1.430136	1.241308
chr3	40497740	40500259	ENSG00000188846	*	9.645977	8.258958	6.610187	7.11828	4.385516	21.42043	19.058307	1.389785	1.440554	1.289568
chr3	45634759	45636931	ENSG00000144791	*	9.771244	7.9918130000000005	4.568496	5.836821	3.532076	14.109562	13.202059	1.363019	1.428361	1.2261600000000001
chr3	48884327	48886087	ENSG00000114302	*	9.699846	7.7578059999999995	3.946279	5.681523	3.417296	12.946733	12.486057	1.253475	1.2902360000000002	1.27443
chr3	51427812	51430363	ENSG00000179837	*	10.338617999999999	7.786814	4.3450120000000005	4.838232	3.25155	14.198718	13.949032	1.3149170000000001	1.317025	1.26081
chr3	52028169	52030236	ENSG00000162244	*	10.580782000000001	9.235653	7.073472	7.617883999999999	4.7288120000000005	23.991815	20.777314999999998	1.4412280000000002	1.442374	1.344414
chr3	53287961	53290488	ENSG00000163931	*	14.067620000000002	10.932972	6.916807	7.228255	4.967308999999999	25.919787	22.080294	1.423805	1.424664	1.2886309999999999
chr3	57112349	57113663	ENSG00000163947	*	14.664079999999998	10.320637	6.548064	7.550509	4.090044	17.515941	15.8684	1.045413	1.097197	1.094061
chr3	57993665	57996141	ENSG00000136068	*	12.063647999999999	9.486877999999999	5.83159	6.332321	3.999427	18.670514	16.752549000000002	1.250186	1.218777	1.262048
chr3	58418548	58420164	ENSG00000168291	*	9.709049	7.521311999999999	5.8148800000000005	6.269151	3.8347849999999997	16.678247	14.60555	1.297854	1.330493	1.197275
chr3	61546078	61547319	ENSG00000144724	*	10.833103	8.5785	5.441609	6.158955000000001	3.612171	16.620337	15.186338000000001	1.398305	1.414754	1.320882
chr3	64007564	64009635	ENSG00000163636	*	9.316972999999999	7.756363	5.2519160000000005	5.752382	3.7717680000000002	18.440197	15.840592000000001	1.2662209999999998	1.3504459999999998	1.304514
chr3	67703841	67705668	ENSG00000172340	*	10.408397	7.937169	5.317302	6.662069	3.8144980000000004	16.783064000000003	16.192856	1.328999	1.302376	1.21866
chr3	71178985	71180378	ENSG00000114861	*	2.007839	1.924016	2.499483	2.199466	1.4399389999999999	2.8889370000000003	2.761381	1.1099430000000001	1.152397	1.2407350000000001
chr3	120169088	120170126	ENSG00000163430	*	16.637279	11.767559	7.127509	8.922514	5.240377	27.121544	24.211039000000003	1.040625	1.030666	1.134325
chr3	121378519	121380169	ENSG00000180353	*	3.475693	3.4916410000000004	3.9557900000000004	3.702838	2.3105	8.039975	7.575766000000001	1.318098	1.274252	1.26886
chr3	127841202	127843393	ENSG00000175792	*	9.411571	7.666575	5.491225	6.322496	3.9957519999999995	18.970026	16.375639000000003	1.2668549999999998	1.34045	1.207322
chr3	128367528	128369855	ENSG00000163902	*	12.375939	9.714265	6.300515	7.3228279999999994	4.738185	24.778546	21.138332000000002	1.4027450000000001	1.373385	1.311024
chr3	128444199	128446739	ENSG00000075785	*	10.808086999999999	8.288198000000001	5.207473	5.8162080000000005	3.958643	19.781041000000002	17.264989	1.37391	1.403124	1.295519
chr3	135968622	135970664	ENSG00000114054	*	7.294505	6.202849	4.554508	4.948087	3.09375	11.210805	10.763114999999999	1.244764	1.273417	1.26892
chr3	183271880	183274277	ENSG00000172578	*	1.3126200000000001	1.201186	1.250912	1.205328	1.121942	1.47686	1.436283	1.2960909999999999	1.3519290000000002	1.319605
chr3	183601046	183603226	ENSG00000175193	*	8.843979000000003	7.442025	6.181216	6.328931	3.9904800000000002	18.214169000000002	15.872163	1.366236	1.3848260000000001	1.288398
chr4	1873186	1875515	ENSG00000109685	*	7.946316	6.04824	3.963248	4.315765	2.888973	15.545585999999998	11.984155	1.375309	1.345394	1.290473
chr4	10020231	10021938	ENSG00000109667	*	4.0209069999999985	3.6699269999999995	2.485066	3.008739	1.980494	5.431819	5.0232589999999995	1.114917	1.144216	1.1941190000000002
chr4	17512684	17514509	ENSG00000151552	*	7.429071	5.86857	4.1063600000000005	4.427963	2.960869	12.251075	10.458594999999999	1.272704	1.338503	1.293088
chr4	109570920	109573399	ENSG00000198856	*	5.058314	4.924249	4.355065	4.8378630000000005	3.059488	13.040011	11.40842	1.335897	1.41655	1.276399
chr4	120220072	120222390	ENSG00000164096	*	4.961958	4.533494999999999	4.274751	4.117431	2.747427	11.221478	10.328508	1.359898	1.404084	1.3404559999999999
chr4	138453435	138454540	ENSG00000189184	*	1.934478	1.647744	1.9444540000000001	1.739702	1.392256	2.580542	2.617595	1.121805	1.160651	1.116243
chr4	142141530	142143195	ENSG00000109445	*	7.58777	6.095808	4.839454	5.600807	3.4188410000000005	16.27704	14.559389000000001	1.405015	1.4075030000000002	1.37162
chr4	184578922	184580116	ENSG00000182552	*	6.215807	5.183044000000001	4.475232	4.385033	3.003119	12.966569999999999	12.238053	1.339223	1.400873	1.248349
chr5	14143910	14144784	ENSG00000038382	*	16.072487000000002	13.198728	6.767078999999999	7.809921000000001	4.900196	24.713047	22.449182999999998	1.495502	1.618133	1.30445
chr5	43555381	43557869	ENSG00000172239	*	12.703215	9.602578999999999	5.598261	7.393721	4.175178	21.040453	19.263837	1.371732	1.441871	1.3513110000000002
chr5	72111677	72114081	ENSG00000083312	*	13.349673000000001	9.962189	6.65175	7.835300999999999	4.437787	21.48975	20.442321	1.059015	1.100254	1.093712
chr5	76325664	76327605	ENSG00000164252	*	10.732046	8.737998000000001	5.523944999999999	6.430141000000001	4.1270419999999985	20.446178	18.613141	1.3962860000000001	1.5456569999999998	1.26289
chr5	85913315	85915167	ENSG00000127184	*	10.015362	8.355074	6.53454	7.039762	4.350011	22.755436	19.946767	1.364847	1.451633	1.313469
chr5	98260126	98260771	ENSG00000153922	*	1.247868	1.149233	1.4687370000000002	1.07431	1.038559	1.243059	1.190151	1.100103	1.087123	1.04751
chr5	110846931	110849128	ENSG00000164211	*	9.386096	7.483256	5.584747	6.113444	3.825622	16.244701	14.622309	1.172687	1.201735	1.112398
chr5	135467756	135470064	ENSG00000113658	*	10.983066	8.600365	5.287791	6.502278	4.098212	18.813937	17.088934	1.3201829999999999	1.4081059999999999	1.240892
chr5	140699428	140700998	ENSG00000178913	*	8.437407	6.975747	5.918573	6.630091	3.730711	15.890923999999998	14.382091	1.174865	1.205834	1.249118
chr5	142813991	142815383	ENSG00000113580	*	1.6745029999999999	1.6190790000000002	2.118031	1.8971049999999998	1.2435379999999998	2.040539	2.162178	1.135974	1.104661	1.168739
chr5	148736727	148739309	ENSG00000145882	*	7.343042	6.079176	4.0746709999999995	4.399289	3.1137639999999998	12.611424000000001	11.376574	1.196831	1.241659	1.240173
chr5	173314302	173316230	ENSG00000113742	*	7.6872	6.448109	4.739357	5.121086	3.24959	11.47728	10.498700999999999	1.126945	1.10955	1.082119
chr5	175842107	175842461	ENSG00000175416	*	1.094372	1.239028	1.4405	1.188531	1.101634	1.207624	1.15662	1.0114450000000001	1.0519450000000001	1.1382139999999998
chr5	176777032	176779564	ENSG00000169223	*	9.904987	7.926498	5.971106	6.315288	3.8827480000000003	16.780045	15.203313	1.181292	1.204394	1.1752049999999998
chr5	177018739	177020629	ENSG00000184840	*	11.139063	8.30016	5.794012	6.12268	4.182839	19.229662	16.852032	1.209989	1.1869450000000001	1.148111
chr5	177026174	177028696	ENSG00000027847	*	8.393024	6.771933	4.492841	5.0609150000000005	3.256956	13.474292000000002	12.480113000000001	1.130911	1.160136	1.117293
chr5	177579598	177581478	ENSG00000145912	*	10.712168	8.410667	5.922191000000001	6.798959	4.250318	20.918264999999998	17.188271	1.1344100000000001	1.1508200000000002	1.162021
chr6	13813211	13815529	ENSG00000050393	*	11.480522	8.837878	5.371859	5.8590800000000005	3.9150620000000003	18.450231	17.204427	1.348299	1.386412	1.26832
chr6	24774602	24777121	ENSG00000112312	*	9.255552999999999	7.865473	5.460255999999999	6.255583000000001	3.7109	19.164539	16.885576	1.3834799999999998	1.443898	1.262278
chr6	28218440	28220748	ENSG00000187626	*	7.044611	6.119198	4.9392190000000005	5.552359	3.3191650000000004	13.882797	12.756432	1.25377	1.34704	1.242441
chr6	29909442	29911478	ENSG00000206503	*	12.200969	9.460030999999999	6.093682	6.694396	4.240953	18.83052	16.507491	1.2918120000000002	1.311649	1.230932
chr6	31238712	31240634	ENSG00000204525	*	8.388615999999999	6.912047	4.0378690000000015	4.735139	3.366538	13.151139	12.056258999999999	1.270889	1.267608	1.2574370000000001
chr6	31464787	31466298	ENSG00000204516	*	9.207353999999999	7.287677	4.873495	5.3926940000000005	3.3819519999999996	11.74818	10.176752	1.27196	1.217242	1.181138
chr6	32633961	32634663	ENSG00000179344	*	3.034415	2.795233	3.054581	3.1093919999999997	2.0865340000000003	5.851228	6.376437	1.135585	1.191036	1.1234620000000002
chr6	34204083	34205166	ENSG00000137309	*	12.75185	9.828266000000001	5.7099660000000005	6.924821000000001	4.121576	16.181314	14.459275	1.3620940000000001	1.249309	1.348833
chr6	34724168	34726543	ENSG00000124562	*	10.070864	8.936454999999997	6.875428	7.866714	4.586706	21.887591	19.370029000000002	1.363318	1.460513	1.289771
chr6	36921755	36924326	ENSG00000164530	*	3.422835	3.127441	3.0178130000000003	2.674169	1.966491	3.438607	3.5039260000000003	1.1107280000000002	1.113732	1.1504370000000002
chr6	39196099	39197887	ENSG00000164626	*	10.774084	8.423214999999999	5.58635	6.176762	3.608893	14.129329	13.284522	1.1866370000000002	1.201403	1.234084
chr6	42014832	42016804	ENSG00000112576	*	7.470401	5.7088790000000005	3.8705769999999995	4.31236	2.725147	8.389697	8.349924999999999	1.273866	1.30433	1.19331
chr6	42951392	42953483	ENSG00000112640	*	9.235167	7.98415	5.290381	5.500054	3.6154129999999998	15.017944	12.747864	1.291267	1.267631	1.261544
chr6	43444738	43446391	ENSG00000137221	*	8.352207	7.542026	5.902573	6.078044	3.8408910000000005	16.014378	13.426352	1.279892	1.359935	1.2268459999999999
chr6	44223503	44225789	ENSG00000157593	*	12.534797	9.524980000000001	5.438325	6.504569	4.1295389999999985	17.586184	15.361392000000002	1.300337	1.304119	1.185793
chr6	79576127	79578433	ENSG00000146243	*	8.419829	7.078389	5.575389	5.97387	3.6586160000000003	14.943847	13.476345000000002	1.294802	1.276497	1.244224
chr6	79942883	79944871	ENSG00000118418	*	5.6530059999999995	4.813592	3.7785919999999997	4.487131	2.790058	10.6666	9.389388	1.383232	1.36477	1.236841
chr6	99796795	99798388	ENSG00000146267	*	8.233075	5.822846	4.302341	4.897889	2.803566	10.73353	10.764273	1.042861	1.069491	1.141484
chr6	111279137	111281016	ENSG00000155115	*	9.749956	8.392892999999999	6.254656	7.6322779999999995	4.266431	18.577337	16.882839	1.4063860000000001	1.45463	1.35838
chr6	112079993	112081947	ENSG00000010810	*	1.8839419999999998	1.691948	2.5583099999999996	1.694468	1.2286110000000001	1.6587630000000002	1.735534	1.083877	1.111601	1.139104
chr6	126306647	126308412	ENSG00000066651	*	4.705889	4.3482330000000005	3.8808199999999995	3.945221	2.3893560000000003	8.762091999999999	8.653590000000001	1.344027	1.42079	1.3670879999999999
chr6	126660823	126662564	ENSG00000203760	*	6.5570580000000005	6.22866	5.58475	6.376459	3.727033	14.997960999999998	14.499747	1.324176	1.3930049999999998	1.29174
chr6	128239548	128240207	ENSG00000172673	*	1.528856	1.49484	2.000359	1.599599	1.204252	1.650367	1.5608840000000002	1.0753270000000001	1.08869	1.1842190000000001
chr6	159064368	159066619	ENSG00000146425	*	13.769423999999999	11.332491000000001	6.414404	8.017413999999999	4.689962	21.845591	19.511812	1.0601459999999998	1.057205	1.155624
chr6	159238157	159240724	ENSG00000092820	*	12.408588	9.801836999999999	5.5945540000000005	6.088181	4.226364	17.929108	16.413923	1.394151	1.368265	1.262925
chr7	2882863	2884726	ENSG00000146535	*	8.071017999999999	6.613306	3.9474949999999995	5.030379	2.885771	12.75596	9.739705	1.251196	1.2806959999999998	1.209363
chr7	6144564	6146647	ENSG00000106346	*	7.234788000000001	5.535183	4.606907	5.006035	3.102315	14.727967999999999	12.294246000000001	1.242335	1.337025	1.296041
chr7	22861085	22863390	ENSG00000196683	*	6.950547	6.413945	6.3476	6.567009	3.828361	18.621892000000003	16.80264	1.353695	1.386244	1.351084
chr7	25163434	25165866	ENSG00000172115	*	10.682109	9.14157	6.615271000000001	7.124759	4.6329980000000015	23.091181	19.678167000000002	1.3676709999999999	1.350106	1.278549
chr7	27778775	27781155	ENSG00000106052	*	10.597752999999999	8.677856	6.475942	7.4485410000000005	4.5244860000000005	22.370828	18.716965	1.453032	1.510389	1.37457
chr7	32528330	32530744	ENSG00000106355	*	6.049587	5.326855999999999	5.3649309999999995	5.765523	3.399632	15.789823	14.016349	1.314247	1.410796	1.355437
chr7	44645577	44647452	ENSG00000105953	*	11.765088	9.836647	7.269771	7.6101410000000005	4.640521	20.551244	18.976954	1.4094659999999999	1.454646	1.29418
chr7	44885266	44887712	ENSG00000105968	*	6.973882000000001	5.909399	4.653652	4.943423	3.0121189999999998	11.589369	10.511733	1.302609	1.375731	1.291069
chr7	51384078	51384755	ENSG00000106078	*	15.233304	10.571234	5.794651999999999	7.168646000000001	4.602561	24.255446	20.892245000000003	1.021641	1.016456	1.053562
chr7	64838359	64840437	ENSG00000146757	*	7.4334169999999995	6.367671	4.856001	5.220916000000001	3.275671	14.688123999999998	12.83331	1.2855860000000001	1.339085	1.244968
chr7	75543337	75545615	ENSG00000127948	*	10.342659	8.289128999999999	4.966433	5.587404	3.6650480000000005	13.975603	13.363573	1.320209	1.356319	1.28942
chr7	95950071	95951930	ENSG00000004864	*	6.724400999999999	4.948613	3.490375	3.810535	2.568262	10.126161	10.120158	1.3374409999999999	1.4281469999999998	1.397676
chr7	107530677	107533015	ENSG00000091140	*	8.420822000000001	7.3575610000000005	5.473492	6.207383999999999	3.8008480000000002	17.811754999999998	15.060941	1.289782	1.375011	1.265216
chr7	112428385	112430898	ENSG00000146802	*	7.494652	6.111032	4.8358430000000014	5.691127	3.301183	14.665238	13.476714999999999	1.127169	1.133983	1.139216
chr7	132937501	132939369	ENSG00000131558	*	6.645494	5.650858	4.804938	5.034054	3.5156699999999996	16.471884	13.310412	1.32386	1.301795	1.289951
chr7	134142256	134144603	ENSG00000085662	*	9.936878	7.904063000000001	4.903419	5.62263	3.626383	16.119667	14.416129000000002	1.254145	1.315098	1.284937
chr7	140623129	140625454	ENSG00000157764	*	11.991681	9.087444999999999	6.155569	6.801846	4.52125	22.537049	20.182876	1.3475709999999999	1.413136	1.247588
chr7	150413123	150415349	ENSG00000213203	*	2.237109	2.270316	2.345634	2.3377380000000003	1.6532619999999998	3.7132339999999995	3.7942169999999997	1.268564	1.316804	1.246049
chr8	29119414	29121309	ENSG00000197892	*	10.347653	8.502350999999999	4.753242	5.749486	3.817913	16.082068	14.98061	1.291981	1.38019	1.340881
chr8	33422910	33425358	ENSG00000133874	*	10.855162	8.182514000000001	5.115089	5.945094999999999	3.782059	16.663649	14.796493	1.3224870000000002	1.3582	1.303099
chr8	38088153	38090744	ENSG00000085788	*	13.351235999999998	9.812552	6.150657	7.217476	4.349133	21.349359	18.569533	1.305377	1.344091	1.226901
chr8	55047126	55049157	ENSG00000137547	*	7.469077	6.966961	5.326497	5.812554	3.716847	17.253916	15.225169000000001	1.2361309999999999	1.349874	1.214048
chr8	59465092	59467418	ENSG00000137575	*	10.663394	9.556567	6.427702	6.946341	4.591951	21.56029	19.42142	1.348766	1.370503	1.298225
chr8	61192570	61194352	ENSG00000178538	*	11.975533	9.373434	5.942747	7.264697999999999	4.453386	19.534078	18.962785	1.052257	1.0693620000000001	1.153964
chr8	74204179	74204469	ENSG00000147604	*	1.181196	1.260302	1.53855	1.311009	1.1389850000000001	1.437909	1.762806	1.17	1.21885	1.412457
chr8	82192327	82194488	ENSG00000164687	*	11.114816000000001	8.362597000000001	5.322845	6.550791	3.76031	17.509912	15.980598	1.397797	1.406872	1.298307
chr8	144814729	144814920	ENSG00000180921	*	1.766839	1.7128189999999999	1.181992	1.301446	1.1289049999999998	1.866297	1.823436	1.063723	1.065508	1.129153
chr9	2620897	2623332	ENSG00000147852	*	11.733687	9.442838	5.168166	6.001232	3.703274	19.534122	16.884235	1.430187	1.47889	1.256161
chr9	2842456	2843594	ENSG00000080608	*	4.793267	4.492982	4.711314	4.5731160000000015	3.003288	14.091047	12.376377	1.25036	1.418061	1.210485
chr9	34635941	34636282	ENSG00000147955	*	1.393558	1.513843	1.674679	1.321601	1.211933	1.6606849999999997	1.7130439999999998	1.132931	1.144328	1.275134
chr9	35101876	35103816	ENSG00000165283	*	8.641427	7.325328	5.153504	5.648858000000001	3.5508919999999997	14.718074	12.63274	1.3250819999999999	1.328282	1.2234040000000002
chr9	37119875	37122163	ENSG00000147905	*	7.615375	6.695675	4.684712	4.798076	3.010158	12.744206	11.817910000000001	1.273541	1.325909	1.231368
chr9	86535299	86537039	ENSG00000165115	*	7.2289509999999995	6.089448	3.939028	4.564426999999999	2.975036	12.137278	11.166122999999999	1.281406	1.234906	1.2020309999999998
chr9	94184353	94186091	ENSG00000165030	*	6.815948	6.104191999999999	4.9793080000000005	5.240746	3.337244	15.094922	13.316996	1.377495	1.441936	1.320807
chr9	98277704	98279280	ENSG00000185920	*	7.549403999999999	5.924976	3.9228989999999997	4.4483060000000005	2.674013	8.139598	7.471903999999999	1.05446	1.058044	1.151534
chr9	100458289	100460378	ENSG00000136936	*	7.7724899999999995	5.793025	4.445087	4.88291	3.0657509999999997	12.791649000000001	11.602849	1.282562	1.3265040000000001	1.247883
chr9	111774462	111776270	ENSG00000119326	*	10.762843	7.976469	5.201175	5.851914	3.622209	16.348418000000002	15.474160000000001	1.2716379999999998	1.321778	1.221805
chr9	112082979	112083196	ENSG00000095203	*	6.156994999999999	4.388559	2.461052	3.475193	2.1939960000000003	7.143387	5.740507	1.0	1.0	1.022594
chr9	112259714	112259932	ENSG00000070159	*	1.064663	1.1923	1.352277	1.071075	1.092158	1.222552	1.5309190000000001	1.043862	1.109623	1.174304
chr9	131417763	131419807	ENSG00000119333	*	8.104296000000001	7.239911	4.4168	5.189112000000001	3.155491	12.696715	11.397256	1.264124	1.272275	1.253615
chr9	131446462	131447038	ENSG00000119335	*	2.7775830000000004	2.190142	2.375934	2.22337	1.486789	2.923773	2.851872	1.343487	1.360906	1.286398
chr9	131590358	131592633	ENSG00000198917	*	8.271799	7.037872999999999	4.649483	5.015738	3.319267	13.603323000000001	11.997266	1.131497	1.212835	1.1655659999999999
chr9	132584724	132586979	ENSG00000136827	*	6.867767	5.4061580000000005	3.356354	3.701398	2.814773	10.383607000000001	9.494976	1.12291	1.1488129999999999	1.1011950000000001
chr9	134000001	134002422	ENSG00000126883	*	8.184638	7.105313000000001	5.545975	6.063397	3.82845	17.975113	15.974107	1.1751850000000001	1.188754	1.187119
chr9	140135638	140137128	ENSG00000188229	*	13.25805	9.41815	5.381433	5.985392	4.10447	20.283603	17.123598	1.5254370000000002	1.329453	1.399534
chr9	140500109	140501449	ENSG00000197070	*	10.693081	7.971811	4.557668	4.8969109999999985	3.2959400000000003	14.634637	12.889649	1.2987309999999999	1.386249	1.26657
chrX	21958374	21959748	ENSG00000102172	*	7.954832000000001	5.932309	3.358076	4.341576	2.899995	13.5519	11.598537	1.170368	1.156358	1.135525
chrX	24482493	24484584	ENSG00000067992	*	5.865371	5.016733	3.201074	3.3955089999999997	2.516581	8.966895000000003	7.974674	1.182549	1.19305	1.128891
chrX	30906352	30907360	ENSG00000157625	*	7.534464999999999	6.051892	4.061109	4.192817	3.041106	14.837763	12.542926	1.244705	1.232904	1.147341
chrX	40593598	40596088	ENSG00000180182	*	5.80069	4.889069	3.3571660000000003	3.722385	2.547443	9.811722	8.685815	1.182827	1.156609	1.11515
chrX	48774655	48776871	ENSG00000102096	*	4.714989	3.812954	2.6875720000000003	2.804527	1.9327889999999999	5.839608	5.024406	1.122331	1.119599	1.0604069999999999
chrX	49027833	49029720	ENSG00000102007	*	5.464857	4.2221340000000005	2.845143	3.275655	2.162058	6.313326	6.695367	1.175961	1.216399	1.201287
chrX	53460349	53461938	ENSG00000072506	*	6.446116	5.573537	4.226816	4.253398000000001	2.782927	10.641199	9.34318	1.156476	1.188056	1.121816
chrX	54834046	54836273	ENSG00000102316	*	5.381418	4.3624860000000005	3.3372669999999998	3.3382980000000004	2.285095	8.209959	7.136989999999999	1.162057	1.222392	1.103728
chrX	57935762	57936748	ENSG00000198205	*	7.304361999999999	5.046145	2.976028	3.598001	2.31773	8.17222	7.811853999999999	1.099836	1.070228	1.076454
chrX	77154369	77156551	ENSG00000131174	*	3.341014	3.103585	3.630764	3.8577	2.509135	10.378283999999999	9.427205	1.164412	1.188276	1.140509
chrX	102317890	102319575	ENSG00000133169	*	5.831295	4.521503	3.114268	3.707469	2.510827	9.723621000000001	7.918446	1.01587	1.02434	1.07911
chrX	106870967	106873169	ENSG00000147224	*	4.523319	3.921994	3.409619	3.43855	2.454825	9.035794000000001	8.067444	1.1514520000000001	1.186721	1.171055
chrX	117479258	117481777	ENSG00000131725	*	6.16249	5.490749	4.143738	4.225306	2.802452	11.38749	9.64596	1.1791459999999998	1.175111	1.142148
chrX	118707538	118709876	ENSG00000077721	*	6.691126	5.483169999999999	3.5827449999999996	4.10113	2.8509640000000003	11.051263	10.265075999999999	1.175845	1.163418	1.120714
chrX	122992968	122995468	ENSG00000101966	*	5.609767	4.762313	3.588571	4.007154	2.691153	10.483725	9.402524	1.21163	1.201447	1.163065
chrX	128656198	128657887	ENSG00000102038	*	7.971574	5.935958	3.958852	4.80502	3.010614	12.475342	11.388214999999999	1.127569	1.145376	1.0798
chrX	128976534	128978452	ENSG00000188706	*	7.589589999999999	6.02457	3.878146	4.354476	2.949604	11.396939999999999	10.182944	1.1828	1.22494	1.177131
chrX	134048006	134049673	ENSG00000101928	*	7.103871000000001	5.790068	3.776821	3.813069	2.780154	11.077643	9.749957	1.1692690000000001	1.175981	1.13649
chrX	135578223	135579313	ENSG00000102241	*	4.7216900000000015	3.7897769999999995	3.3774610000000003	3.604218	2.3607650000000002	9.195574	7.760574	1.1787020000000001	1.1789459999999998	1.1488610000000001
chrX	146992657	146995158	ENSG00000102081	*	4.7420550000000015	4.096858999999999	2.869946	3.148041	2.205721	7.503814	6.968286999999999	1.16629	1.183959	1.1320620000000001
chrX	153672035	153673510	ENSG00000071859	*	8.114294000000001	6.273018	3.523799	3.8721160000000006	2.734189	10.896892999999999	10.23202	1.164811	1.154798	1.134001
chrX	153743444	153745177	ENSG00000071889	*	6.468205	5.465567	3.533694	3.77379	2.612728	10.184028	9.162239	1.1155959999999998	1.160095	1.107421
chrX	154443816	154446241	ENSG00000155959	*	5.17446	4.339084	3.5658230000000004	3.471622	2.464548	9.017445	8.17764	1.164223	1.1985700000000001	1.17706
