chrom	start	end	name	strand	Jurkat_DMSO_H3K4me3	Jurkat_OCIR_H3K4me3	Jurkat_PM_H3K4me3	Jurkat_RY_H3K4me3	Jurkat_DMSO_24H_H3K4me3	Jurkat_PBIT_5H_H3K4me3	Jurkat_PBIT_24H_H3K4me3	Loucy_DMSO_24H_H3K4me3	Loucy_PBIT_5H_H3K4me3	Loucy_PBIT_24H_H3K4me3
chr1	892941	893395	ENSG00000188976	*	1.968975	1.7925339999999998	1.6794689999999999	1.458543	1.314168	2.114698	1.8980279999999998	1.1648129999999999	1.143245	1.214078
chr1	1165968	1167515	ENSG00000078808	*	14.806698999999998	11.731144	7.607416000000001	8.610918999999999	5.615648	29.744734	27.194477000000003	1.4320950000000001	1.5375729999999999	1.36857
chr1	7830510	7832608	ENSG00000049245	*	12.390269	9.982358	5.8451319999999996	6.641931	4.569154	22.179026999999998	20.4236	1.28206	1.345528	1.266319
chr1	9187295	9189224	ENSG00000180758	*	8.905721	6.5380709999999995	4.3460079999999985	4.590677	2.91879	10.802256	10.238725	1.119545	1.170535	1.205271
chr1	10458178	10460654	ENSG00000142657	*	14.811844	11.99612	6.92444	8.248759	5.271861	25.643878	22.554913	1.408068	1.372741	1.308335
chr1	11333191	11334422	ENSG00000120942	*	15.390148000000002	12.211392	7.438235000000001	8.479755	5.546086	24.912687	23.67556	1.467631	1.592784	1.2558209999999999
chr1	19809609	19812063	ENSG00000077549	*	12.039983	9.493489	5.675441	5.707031	4.367049	18.846672	17.338102	1.390309	1.504297	1.440321
chr1	25870000	25870944	ENSG00000157978	*	18.141211	12.608398	6.851525	7.695107000000001	4.830992	21.235229999999998	21.053670999999998	1.16955	1.190177	1.19174
chr1	27247560	27249924	ENSG00000090273	*	9.000632000000001	7.62735	5.506289	6.181887000000001	3.679647	17.323757	16.250746	1.3497	1.339648	1.23955
chr1	28239730	28239819	ENSG00000117748	*	1.54985	1.42436	1.322445	1.1934	1.190452	1.6427630000000002	1.9134650000000002	1.126192	1.0814350000000001	1.079766
chr1	28695616	28697729	ENSG00000204138	*	11.976747	9.333567	6.322431	7.003724000000001	4.281312000000001	19.987092	17.828994	1.431446	1.4108180000000001	1.28611
chr1	31380286	31380419	ENSG00000162512	*	1.22318	1.144164	1.0	1.0290110000000001	1.030892	1.078946	1.48424	1.016206	1.006075	1.021888
chr1	32644628	32647018	ENSG00000084652	*	11.483834	8.976875999999999	5.71074	6.374218	3.833454	17.470291	15.529732999999998	1.374132	1.376421	1.316481
chr1	35733698	35735884	ENSG00000146463	*	10.096583	7.742534	4.968176000000001	5.863759	3.8973709999999997	19.308015	16.892481	1.422495	1.352362	1.252047
chr1	36348403	36350074	ENSG00000092847	*	14.389295	12.277585	6.382587	7.345485000000001	4.92202	24.935845999999998	22.665047	1.360858	1.499835	1.361545
chr1	36915449	36916791	ENSG00000116885	*	10.455785	8.09721	5.211722	6.534637	3.518555	15.528437	14.695242000000002	1.085066	1.125602	1.119652
chr1	38059971	38062258	ENSG00000134697	*	7.163757	6.273928	5.520898000000001	5.903291	3.7541010000000004	15.713607000000001	14.120726000000001	1.340782	1.326523	1.336474
chr1	38259178	38261068	ENSG00000185090	*	5.593751	4.2842780000000005	2.800427	2.943163	2.10699	7.499117999999999	5.861137	1.147933	1.1900540000000002	1.160569
chr1	39491259	39493419	ENSG00000168653	*	9.645359	8.425595999999999	6.445392	7.620686999999999	4.240775	21.208218	17.817844	1.333966	1.369481	1.274753
chr1	40561773	40563591	ENSG00000131238	*	8.015283	6.990336	5.207858	5.92241	3.385033	13.533786	12.466173	1.289951	1.325072	1.2878120000000002
chr1	40722381	40724943	ENSG00000084073	*	10.405656	8.512264	6.632777000000001	7.237945	4.481887	22.241616	20.417215	1.416598	1.461573	1.375292
chr1	45265235	45266863	ENSG00000173846	*	13.731968	10.081168	5.9072	6.133119000000001	4.009111	16.391506	14.911712	1.2466110000000001	1.259835	1.226753
chr1	46015980	46018067	ENSG00000117448	*	8.155415999999999	7.736199000000001	5.808269	6.418067	3.8490510000000002	17.209857	16.222676	1.482521	1.460097	1.3797549999999998
chr1	52830389	52832653	ENSG00000154222	*	10.899275	8.677935999999999	5.409935	6.215845	3.914567	17.129744	16.287615000000002	1.364796	1.365108	1.2576200000000002
chr1	53479917	53482142	ENSG00000116171	*	2.7263490000000004	2.722054	3.807177	3.799275	2.244804	8.506333	8.141926	1.28393	1.2950139999999999	1.211568
chr1	53702922	53705152	ENSG00000162385	*	9.624212	8.720497	6.502873999999999	6.805066	4.3043770000000015	20.747107	18.405856	1.3577629999999998	1.375561	1.281611
chr1	71512790	71513961	ENSG00000050628	*	2.596749	2.365711	1.462732	1.6959	1.342078	2.387726	2.440578	1.279136	1.3185200000000001	1.301596
chr1	84944357	84946613	ENSG00000117133	*	6.409715	5.717212	5.207605	5.317505000000001	3.2379189999999998	13.647758999999999	13.140488000000001	1.326335	1.3477569999999999	1.333038
chr1	87378212	87380108	ENSG00000183291	*	6.729201	6.470411	6.477391000000001	6.723561999999999	3.923806	19.348237	16.559561000000002	1.295272	1.3513979999999999	1.289036
chr1	93912821	93915161	ENSG00000137942	*	16.37716	13.123024	8.220308000000001	9.150329	5.676757	30.029728000000002	26.731734000000003	1.408569	1.492838	1.396426
chr1	109756012	109758170	ENSG00000031698	*	9.827404	9.338586	6.4062730000000006	6.7877089999999995	4.399568	21.799225	18.690738	1.337392	1.404317	1.316093
chr1	111741630	111741978	ENSG00000162777	*	1.5292290000000002	1.457986	1.786083	1.244968	1.1249790000000002	1.50668	1.626015	1.099102	1.0574139999999999	1.2001819999999999
chr1	111771654	111772041	ENSG00000064886	*	1.934318	1.703859	2.108131	1.8289380000000002	1.3180180000000001	2.150741	2.365837	1.079232	1.067699	1.114287
chr1	120254169	120256375	ENSG00000092621	*	10.040189999999999	8.677268999999999	5.613754	6.457091999999999	4.1055100000000015	18.116818	17.017974	1.411164	1.445978	1.3722809999999999
chr1	145476418	145479020	ENSG00000152022	*	6.909463000000001	5.584623000000001	4.278517	4.597148000000001	3.025013	11.95546	11.112188	1.2606110000000001	1.34929	1.249162
chr1	150293181	150295318	ENSG00000117360	*	7.962661	7.248149000000001	6.22029	6.2987779999999995	3.8226709999999997	18.064095000000002	16.5729	1.334466	1.404028	1.305409
chr1	154598922	154601485	ENSG00000160710	*	10.958408	8.73516	5.587407	6.279033999999999	4.109687	19.648841	17.596460999999998	1.305153	1.376148	1.35749
chr1	154954458	154957006	ENSG00000160688	*	6.527836	5.747859	5.072689	5.458894	3.616822	15.521942000000001	13.869801	1.318265	1.345257	1.27589
chr1	160000660	160002855	ENSG00000143315	*	8.954264	7.648772	5.583658	6.609300999999999	4.035188	17.209728	15.583645	1.410957	1.407218	1.334009
chr1	162530516	162532813	ENSG00000117143	*	11.544255999999999	8.923059	5.797541000000001	6.444205	4.1217809999999995	19.591257000000002	17.948574	1.278868	1.246955	1.300189
chr1	165599165	165601416	ENSG00000143198	*	9.107477000000001	8.097087	5.542924	5.9885779999999995	3.774745	15.211155999999999	13.444613	1.358824	1.429383	1.338156
chr1	201122501	201123997	ENSG00000116857	*	11.394955	8.361139	4.778378	5.802136	3.9010000000000002	17.33923	15.848889999999999	1.3898540000000001	1.378641	1.34423
chr1	201923565	201925815	ENSG00000134375	*	9.789122	8.355696	6.679336	7.34872	4.565685	22.596035999999998	19.543352	1.388919	1.404881	1.29418
chr1	202308972	202310452	ENSG00000077152	*	3.258276	3.12042	3.750468	3.5489300000000004	2.397231	8.634632	8.596532	1.288694	1.301734	1.321138
chr1	202925847	202928053	ENSG00000159346	*	11.101463	8.69496	5.3235660000000005	6.303757	4.136507	19.868781	16.980479000000006	1.313293	1.36988	1.3071780000000002
chr1	206784465	206786305	ENSG00000143486	*	8.070525	6.593756	5.4401720000000005	5.972226	3.743679	14.546854000000002	14.073044	1.333289	1.354574	1.188886
chr1	207094517	207097010	ENSG00000162894	*	1.454424	1.48566	1.592392	1.306186	1.118706	1.354765	1.380994	1.081104	1.088523	1.155738
chr1	212605634	212607754	ENSG00000117691	*	8.685503	6.916982000000001	3.8606059999999998	5.083969000000001	3.224096	14.684264	13.499857	1.203223	1.245109	1.222745
chr1	218458125	218460307	ENSG00000067533	*	6.177089	5.453057	5.6395669999999996	5.588235	3.4851389999999998	15.039145000000001	13.130737	1.295972	1.334762	1.2488569999999999
chr1	219346771	219348472	ENSG00000143353	*	7.3110990000000005	6.2797	5.214139	5.430087	3.3929419999999997	13.986734	13.884955999999999	1.271775	1.341257	1.237529
chr1	220218156	220220416	ENSG00000136628	*	7.383592	6.726744999999999	5.97749	6.0300910000000005	3.9417199999999997	18.128612	15.164244	1.271121	1.301995	1.2083139999999999
chr1	226594028	226596480	ENSG00000143799	*	8.782955000000001	7.265455	5.511183	5.500545	3.5658540000000003	15.392806	13.378617000000002	1.378763	1.407626	1.355552
chr1	228295547	228297915	ENSG00000162910	*	12.921954	10.756935	6.475257	6.688269999999999	4.694671	20.510482	18.543209	1.290676	1.293112	1.257629
chr1	234613197	234615442	ENSG00000059588	*	11.719289999999999	9.454119	5.223682	6.602492999999999	3.9838660000000004	18.168426999999998	17.198173999999998	1.350615	1.360127	1.252748
chr1	235290156	235292721	ENSG00000173726	*	9.452971	8.402272	6.376233	7.346186	4.272391000000001	21.625258	19.692263	1.3982430000000001	1.524858	1.340008
chr1	235529775	235531888	ENSG00000116957	*	7.875800999999999	6.555441	5.03912	5.726653	3.570476	15.004269	13.42898	1.285811	1.255817	1.239025
chr1	241802163	241804233	ENSG00000054277	*	9.123111999999999	6.6729270000000005	5.026176	5.060918	3.3436120000000003	15.525886999999999	13.633734	1.129127	1.1761059999999999	1.173475
chr1	246669288	246671301	ENSG00000185420	*	9.948184	7.847525	5.366269	5.857236	3.7560339999999997	16.682415	15.724985	1.281628	1.2787309999999998	1.2029969999999999
chr1	248021261	248021403	ENSG00000162722	*	3.303009	2.730518	3.022096	3.11543	2.069585	6.488944999999999	5.269933	1.063913	1.071042	1.156456
chr10	5707553	5709388	ENSG00000196372	*	9.890691	7.24512	4.4022109999999985	5.790872	3.346293	14.942326999999999	14.39545	1.332546	1.359356	1.345848
chr10	17658209	17660154	ENSG00000165996	*	15.250271	10.961203	6.81275	7.784489	4.629764	23.92136	19.98511	1.377756	1.33513	1.254682
chr10	33245842	33248376	ENSG00000150093	*	13.079919	9.70919	5.594446	7.043503	4.454085	21.862834	20.936168	1.495199	1.522853	1.432688
chr10	38382549	38384731	ENSG00000075407	*	8.844168	6.725592999999999	4.993715	5.209193	3.2777019999999997	14.610119000000001	13.293676999999999	1.25761	1.328231	1.181002
chr10	51564723	51566981	ENSG00000138293	*	7.806176	6.5528379999999995	4.7195269999999985	5.59066	3.6409839999999996	15.414642	13.865909	1.368736	1.34952	1.282823
chr10	60094235	60095961	ENSG00000072401	*	12.11782	9.478867999999999	5.9738940000000005	6.408999	4.5501260000000014	20.721877	19.374485	1.274073	1.347124	1.225981
chr10	74283230	74283368	ENSG00000107745	*	1.0	1.066495	1.297579	1.122763	1.038943	1.128558	1.142038	1.05731	1.0525200000000001	1.325682
chr10	92630997	92633096	ENSG00000148688	*	6.774081	6.541766	5.143701	5.515875	3.579686	16.713678	14.422145	1.3274489999999999	1.329358	1.2833219999999999
chr10	102045252	102047009	ENSG00000196072	*	11.949216	10.268264	6.425597	7.227256	4.6819180000000005	21.37891	18.439847	1.352115	1.3233840000000001	1.297135
chr10	104951263	104953737	ENSG00000076685	*	10.504105000000001	8.326378	5.460743	6.014435	3.9042769999999996	18.247732	17.035073999999998	1.400183	1.491551	1.282738
chr10	119133300	119135784	ENSG00000165650	*	15.765178	11.811501	6.893057000000001	7.5182009999999995	4.858512	22.466209	20.608789	1.6294549999999999	1.6404869999999998	1.372889
chr10	120936983	120938976	ENSG00000165672	*	9.285483000000001	7.60429	5.3680650000000005	6.317487	3.9817730000000005	16.649720000000002	15.126555999999999	1.42127	1.402567	1.348823
chr10	124739272	124741034	ENSG00000179988	*	6.882232000000001	6.199598	4.087636	4.738273	2.912153	11.085569	10.373742	1.199573	1.281125	1.190436
chr10	124913468	124915584	ENSG00000154473	*	11.582888	8.877563	5.751964	6.475008	4.1242090000000005	20.43692	17.307961	1.382307	1.429514	1.3592959999999998
chr10	134209514	134211944	ENSG00000171813	*	9.999382	6.931591	4.154887	5.421233999999999	3.14888	14.646264000000002	12.917059	1.281059	1.341991	1.234557
chr11	32111814	32114403	ENSG00000049449	*	11.131916	8.193132	4.689771	6.321589	3.550852	17.101024	15.784158999999999	1.338251	1.3496350000000001	1.268522
chr11	43701889	43703886	ENSG00000149084	*	7.611092	6.2262	5.305235	6.05599	3.6552160000000002	16.533932	15.023155	1.196523	1.2423170000000001	1.2840850000000001
chr11	47446212	47448564	ENSG00000165916	*	9.98471	8.304012	6.261294	7.042194	4.269234	18.838363	17.025028	1.387122	1.480049	1.3204209999999998
chr11	62412423	62412799	ENSG00000089597	*	2.565467	2.136898	1.966834	1.6085040000000002	1.270192	1.967989	2.380227	1.159565	1.170747	1.17957
chr11	62528307	62530065	ENSG00000168002	*	9.161491999999999	7.647367	4.841472	5.64813	3.365767	14.460061999999999	12.580682000000001	1.276201	1.279786	1.3183479999999999
chr11	65153576	65155052	ENSG00000126391	*	12.839335	9.57607	5.627058	7.211138	4.5558049999999986	19.756731	17.810765	1.398464	1.422391	1.32796
chr11	78284528	78286628	ENSG00000137513	*	9.333146000000001	7.8889059999999995	5.730116000000001	6.588783	4.0518079999999985	18.151772	16.333826000000002	1.284817	1.4130120000000002	1.246852
chr11	85358095	85360172	ENSG00000171202	*	5.064754	5.023461	4.766083	5.308952	3.104793	13.133804000000001	12.07827	1.282805	1.358016	1.302798
chr11	86748112	86750457	ENSG00000166575	*	7.851126	6.266709	4.387106	5.223433999999999	3.229289	12.66328	11.37783	1.2505469999999999	1.259953	1.247633
chr11	107879109	107881614	ENSG00000166266	*	10.899464	8.419802	5.891148	6.695237	4.1156690000000005	19.600342	17.532674	1.340756	1.404534	1.333207
chr11	113642860	113643435	ENSG00000086827	*	1.68016	1.548063	1.866726	1.547845	1.321277	2.330187	2.260484	1.128665	1.175231	1.198962
chr11	118937332	118939484	ENSG00000160695	*	8.290835999999999	7.2077860000000005	5.980042	6.6257220000000006	4.089136	18.426538	16.402239	1.336992	1.429611	1.348587
chr11	125438630	125440632	ENSG00000149547	*	10.696949	8.262454	5.3000940000000005	5.960338	3.98726	17.700457999999998	17.304219	1.302871	1.314789	1.1793930000000001
chr11	126224320	126226655	ENSG00000110080	*	14.924723	11.463727	6.5960149999999995	7.561064	4.988188	24.272991	21.569969	1.527317	1.478437	1.284127
chr12	2903725	2905966	ENSG00000004478	*	14.387777	10.804573	5.790451	7.155661	4.5108929999999985	23.216244	18.766115	1.417195	1.408802	1.296022
chr12	6676099	6678202	ENSG00000111641	*	11.196964999999999	9.350484	6.859216	7.234399000000001	4.5591230000000005	21.348248	18.347479999999997	1.310027	1.326776	1.3218590000000001
chr12	7052348	7054630	ENSG00000111678	*	5.842171	5.212566000000001	3.790868	2.2849630000000003	2.420198	8.832741	8.005174	1.322482	1.31477	1.236117
chr12	8087088	8089436	ENSG00000059804	*	2.218248	2.379582	2.703043	2.331473	1.6749420000000002	3.477847	3.8441379999999996	1.274889	1.261415	1.177145
chr12	21808596	21811216	ENSG00000111716	*	7.4972259999999995	6.4065010000000004	5.530028	5.6429339999999995	3.3729190000000004	14.660260000000001	13.867391	1.351408	1.378291	1.293338
chr12	31226406	31227951	ENSG00000013573	*	9.590053	7.783294000000001	4.821061	5.899543	3.240318	13.339537	12.369724	1.218593	1.2155040000000001	1.154772
chr12	49657518	49660004	ENSG00000167553	*	12.102835	10.212935	6.833882000000001	7.3433399999999995	4.483425	22.930927	19.709256	1.366999	1.383376	1.298178
chr12	49958733	49959469	ENSG00000187778	*	1.654467	1.409341	1.877139	1.165632	1.094562	1.161108	1.152817	1.161338	1.190295	1.225456
chr12	53688740	53690730	ENSG00000123349	*	7.839491000000001	6.298076999999999	5.250305	5.909028	3.73682	16.266676	14.596074	1.284794	1.368267	1.308747
chr12	56650613	56650784	ENSG00000139645	*	1.2228450000000002	1.15534	1.280807	1.04601	1.092273	1.24508	1.194866	1.066247	1.152497	1.224004
chr12	56732596	56733273	ENSG00000110944	*	1.9270029999999998	1.739289	1.9168040000000002	1.419664	1.1859680000000001	1.527718	1.3770790000000002	1.078543	1.087634	1.155859
chr12	58144351	58146971	ENSG00000135446	*	8.679027	7.727415	5.562641	6.1963099999999995	3.954811	18.387198	16.030725	1.3445790000000002	1.402413	1.275033
chr12	65152368	65154480	ENSG00000135677	*	9.122631	7.529795	5.469608	5.965096	3.892329	16.803124	14.970894	1.3012780000000002	1.377067	1.246417
chr12	69752911	69755039	ENSG00000127337	*	8.543325999999999	7.64447	5.193941000000001	5.773797	3.442736	15.639635	14.316741	1.397134	1.330635	1.25282
chr12	75874422	75874571	ENSG00000139278	*	1.636485	1.728989	2.400291	2.303501	1.3491440000000001	2.686996	2.136355	1.169352	1.099092	1.208405
chr12	111019272	111021823	ENSG00000196850	*	12.581877	9.970461	5.926158999999999	6.575844	4.3042820000000015	21.430249	19.017326999999998	1.35639	1.3866129999999999	1.312023
chr12	112845889	112846255	ENSG00000089009	*	2.178154	1.844269	3.390029	2.483922	1.681323	4.039695	4.506334	1.363538	1.412105	1.275598
chr12	120965904	120967829	ENSG00000110871	*	9.048119	8.168737	6.214384	7.205921000000001	4.198091000000001	19.83643	17.135673	1.350893	1.387151	1.3083209999999998
chr12	123450252	123451298	ENSG00000150967	*	10.546249000000001	7.2505820000000005	5.0378940000000005	5.035169000000001	3.237942	11.903944000000001	11.240523	1.124477	1.165874	1.102341
chr12	124017536	124019314	ENSG00000188026	*	10.811167	7.507775	4.295456	5.31763	3.3502620000000003	14.839120999999999	13.475829999999998	1.191707	1.2530620000000001	1.168213
chr13	21346591	21348687	ENSG00000150456	*	8.073625	6.9800320000000005	4.535748	5.892151999999999	3.178597	13.387395000000001	12.072208999999999	1.285824	1.352399	1.326101
chr13	21713620	21715940	ENSG00000150459	*	9.051297	8.295300000000001	7.1046830000000005	7.558402	4.583179	24.086564000000003	20.608839	1.399433	1.425646	1.35729
chr13	31309373	31310566	ENSG00000132965	*	1.575719	1.527377	1.8159720000000001	1.6114579999999998	1.258155	1.8770080000000002	2.018436	1.2175850000000001	1.2805879999999998	1.348006
chr13	41362677	41364568	ENSG00000102743	*	10.436822	8.648352000000001	4.946456	6.320849	3.6221550000000002	17.15856	16.251143	1.255164	1.2428350000000001	1.196675
chr13	48574100	48576115	ENSG00000136143	*	13.170392999999999	10.625909	6.814133	7.864068	4.8531830000000005	24.439964	21.844947	1.377856	1.330706	1.300734
chr13	48806603	48808746	ENSG00000136156	*	14.128134	11.502915	7.366306	8.480647000000001	5.449548	27.385644	23.56718	1.442467	1.417453	1.445833
chr13	53023466	53025326	ENSG00000136100	*	13.073158	10.089694999999999	6.089768	6.996675	4.379423	23.420932	20.389934	1.3312389999999998	1.3561450000000002	1.299298
chr13	100740355	100742422	ENSG00000175198	*	14.524451000000001	11.197514	7.394707	8.328211999999999	5.141811	25.702068	22.478005	1.345989	1.423183	1.292378
chr13	107187279	107189060	ENSG00000125266	*	10.113274	8.466517999999999	4.241927	4.755026	3.0461099999999997	12.402687	11.342447	1.036872	1.027084	1.099536
chr13	113240691	113243186	ENSG00000126216	*	11.731366	8.963223	5.424329	6.372264	4.00237	19.647645999999998	17.478622	1.348695	1.335692	1.299007
chr14	20937024	20939209	ENSG00000198805	*	10.460195	8.596549000000001	6.269211	7.138297000000001	4.26898	19.299122	17.634559	1.408596	1.415794	1.2944229999999999
chr14	21904417	21906239	ENSG00000100888	*	7.4031720000000005	6.189269	5.163481	5.421296	3.3112699999999995	13.458126000000002	11.858678999999999	1.288327	1.3277450000000002	1.296486
chr14	24710850	24712797	ENSG00000092330	*	9.790411	8.860453	5.198068	5.757228	3.5513019999999997	13.764429999999999	13.054443	1.41401	1.377796	1.319396
chr14	24782183	24782755	ENSG00000213903	*	1.287917	1.486513	1.270215	1.1421860000000001	1.047468	1.21268	1.131523	1.042159	1.0934469999999998	1.140629
chr14	35007625	35009564	ENSG00000129518	*	8.433065	7.405478	5.4061639999999995	5.892384	3.815717	17.411766	15.492201999999999	1.2231459999999998	1.3108229999999998	1.2841799999999999
chr14	50050752	50053288	ENSG00000213741	*	8.145372	8.030251	6.244733999999999	6.7235949999999995	4.096532	19.781789	17.645119	1.402132	1.458466	1.330242
chr14	54906650	54908773	ENSG00000100528	*	8.440817	6.892221000000001	4.839493	5.780481	3.58664	16.893748000000002	15.711031	1.27396	1.335173	1.33124
chr14	61188351	61190490	ENSG00000100625	*	13.133934	9.64274	5.508462000000001	7.465392	3.971829	17.875053	16.260339000000002	1.265584	1.334566	1.194836
chr14	68065719	68067770	ENSG00000100564	*	8.393612000000001	7.088872	5.163426	5.884087999999999	3.6235690000000003	15.706129	13.57215	1.2201030000000002	1.217122	1.211164
chr14	69444117	69446568	ENSG00000072110	*	15.475748999999999	11.285719	5.962433	7.365838	4.985534	21.633765	20.72896	1.520604	1.5374219999999998	1.4346299999999998
chr14	73602622	73604543	ENSG00000080815	*	10.438574000000001	8.179712	5.705535	5.942495	3.950799	17.590336999999998	15.323485	1.314503	1.417426	1.275331
chr14	75641548	75642214	ENSG00000170348	*	2.464577	2.375657	2.49296	2.470839	1.7698589999999998	4.984591	5.328073000000001	1.181094	1.280517	1.152452
chr15	30918972	30920114	ENSG00000187951	*	2.858279	2.5323	2.716008	2.868753	1.701639	4.8576169999999985	4.131515	1.245084	1.235592	1.19973
chr15	35837168	35839444	ENSG00000134146	*	8.440317	6.839949000000001	5.020105	5.863454	3.4232660000000004	14.066309	12.580767	1.24801	1.261379	1.228885
chr15	41849947	41852348	ENSG00000092445	*	9.72257	7.309628	4.440996	4.996615	3.3020519999999998	13.264441	13.289073000000002	1.2289219999999998	1.302229	1.252067
chr15	59729575	59731067	ENSG00000157470	*	7.2118720000000005	5.311839	4.243391	4.868228	2.5363849999999997	9.231889	8.764159	1.077502	1.0838450000000002	1.08616
chr15	74283093	74283390	ENSG00000067221	*	1.04399	1.2473379999999998	1.18699	1.109617	1.054757	1.28069	1.296988	1.106133	1.109236	1.134991
chr15	86336623	86339061	ENSG00000183655	*	10.481651	8.140972	5.211613	5.670163	3.800897	17.061332999999998	15.180379	1.249651	1.295453	1.250316
chr15	90197509	90199092	ENSG00000166813	*	15.306678	11.607636	7.1484559999999995	8.217433	5.094946	25.153796	22.165732000000002	1.20665	1.237044	1.210002
chr15	90543998	90546142	ENSG00000140548	*	10.038457000000001	7.579841	4.7108690000000015	5.443574	3.484234	15.375872	13.561760999999999	1.324462	1.365318	1.2949549999999999
chr16	187279	189704	ENSG00000103148	*	6.526382	5.866036	4.029083999999999	4.373908	2.789197	10.400751	9.595238	1.094652	1.099961	1.104778
chr16	446570	447655	ENSG00000103202	*	9.722713	7.092725	4.1772800000000005	5.461263	3.262653	15.097494000000001	14.320379	1.18208	1.178281	1.1779309999999998
chr16	474658	477271	ENSG00000090565	*	11.860356	8.450666	4.681312	5.769204	3.642489	17.022935999999998	14.480868	1.1537469999999999	1.214035	1.110277
chr16	1542468	1544583	ENSG00000100726	*	11.835312	9.426095	5.501144	5.785438	3.8828050000000003	17.599932	15.822196	1.164195	1.201151	1.157589
chr16	2272978	2275397	ENSG00000167967	*	12.8427	10.475836	6.063338	6.617666000000001	4.345842	21.082054	18.116472	1.167183	1.153168	1.163564
chr16	2932376	2934310	ENSG00000162076	*	11.682986	9.289952	5.257844	6.154479	4.007121	17.351507	16.357502	1.163858	1.1935799999999999	1.108642
chr16	4742690	4744759	ENSG00000168101	*	13.759772	9.825294	5.326585	6.086832	4.290968	19.067577	16.449438	1.130631	1.149493	1.152231
chr16	15981117	15983113	ENSG00000133393	*	7.9777960000000006	6.5543130000000005	5.018788	5.248034	3.3853	14.948711999999999	13.232891	1.159913	1.168859	1.130906
chr16	16043578	16046074	ENSG00000103222	*	6.224801	5.340936	4.007144	4.3381300000000005	2.850525	12.041244	11.524278	1.175492	1.221939	1.180392
chr16	23606141	23608242	ENSG00000004779	*	12.066734	9.467671000000001	6.376459	6.759028	4.534887	21.939232999999998	18.451383	1.360715	1.426323	1.246151
chr16	23689523	23692025	ENSG00000166851	*	11.544775	8.618563	6.124537	6.490426	4.183149	19.25392	15.93123	1.368668	1.38344	1.283779
chr16	29873337	29875532	ENSG00000103502	*	9.95653	7.69313	4.692522	5.541714	3.67065	15.743996	14.151626	1.30971	1.364627	1.281331
chr16	30133427	30135277	ENSG00000102882	*	9.729828999999999	8.030325999999999	4.718734	5.496255000000001	3.358725	14.546185999999999	13.033775	1.289526	1.335928	1.272453
chr16	30365283	30367909	ENSG00000169217	*	9.260497	7.607705	4.686513	5.605398	3.656333	16.562043	14.092812	1.365238	1.4127379999999998	1.323883
chr16	30620355	30622509	ENSG00000156853	*	13.071989	10.858806	6.702325999999999	7.75747	4.586481	23.066364	20.060399	1.348552	1.477717	1.2877530000000001
chr16	30758915	30760682	ENSG00000156873	*	9.627832000000001	7.2298089999999995	4.42746	4.951194999999999	3.327858	13.626916	11.983949	1.2267709999999998	1.230721	1.163797
chr16	50099391	50102007	ENSG00000155393	*	10.395309	7.908364	5.003627	5.350123	3.6135099999999998	16.428463999999998	15.222716	1.279264	1.280928	1.219676
chr16	57672981	57673734	ENSG00000205336	*	1.361244	1.289652	1.369086	1.2671379999999999	1.066265	1.225027	1.207131	1.037966	1.0499459999999998	1.113608
chr16	58032395	58032636	ENSG00000166188	*	2.257096	1.607817	1.87681	1.4030120000000001	1.121932	1.368823	1.605735	1.092195	1.1855209999999998	1.104265
chr16	67062094	67064605	ENSG00000067955	*	12.826253	9.974203	5.9323559999999995	7.0219570000000004	4.167211	22.200021	18.263087	1.464985	1.52265	1.418427
chr16	90014206	90015232	ENSG00000140995	*	6.924983	5.2453080000000005	3.318782	4.419914	2.370657	7.45678	7.322673	1.031939	1.088969	1.0442040000000001
chr17	1464489	1466822	ENSG00000174238	*	14.187282000000002	10.187821000000001	5.233042	6.412511	4.4253909999999985	21.590977	18.489608	1.312813	1.36638	1.341726
chr17	1586644	1588728	ENSG00000174231	*	12.111754	9.749582	6.173571	7.033751	4.369095	21.843365	19.120048999999998	1.435273	1.44001	1.359422
chr17	1933037	1934587	ENSG00000108963	*	12.520612	10.393426	6.348835	7.670547	4.722298	23.047626	20.219891	1.29158	1.4171850000000001	1.2179
chr17	2413466	2415653	ENSG00000127804	*	7.383311	6.955006	6.251085	6.9433679999999995	4.287742	20.973791000000002	18.267419	1.363649	1.3357430000000001	1.328482
chr17	6938145	6940395	ENSG00000174327	*	10.688135	8.864955	5.530716	6.198268	4.047126	17.036555	15.99274	1.308751	1.3830069999999999	1.323007
chr17	8197972	8199730	ENSG00000125434	*	9.160021	7.000935000000001	4.426935	5.771559	3.3417559999999997	12.583326	11.54466	1.3148	1.29377	1.2411290000000001
chr17	27506353	27508043	ENSG00000196535	*	9.812574	7.32015	4.3301050000000005	4.72689	3.197078	12.599825	12.52262	1.186576	1.2532	1.197643
chr17	28803723	28805732	ENSG00000108587	*	8.649326	7.338427	6.156182	6.498755	3.980989	19.007842	15.809692000000002	1.372749	1.424078	1.32075
chr17	36830169	36831734	ENSG00000179294	*	14.200006	10.062287	5.5030269999999994	6.581875999999999	4.0318380000000005	18.247832	16.102078	1.367933	1.4146889999999999	1.270702
chr17	40085326	40087643	ENSG00000131473	*	5.072907	4.6219589999999995	4.284294	4.495682	2.7443720000000003	10.136492	9.363652	1.185916	1.185401	1.277914
chr17	40827661	40829072	ENSG00000068137	*	10.388698	7.644004	4.664591000000001	4.7845260000000005	2.9268669999999997	8.958195	8.955119999999999	1.2480129999999998	1.353625	1.2694450000000002
chr17	46177244	46177310	ENSG00000108468	*	1.7553560000000001	1.136109	1.4139899999999999	1.325197	1.096575	1.282519	1.497808	1.111972	1.154333	1.26465
chr17	56160845	56162797	ENSG00000264364	*	14.287835000000001	10.983414	6.592871000000001	7.160728	4.98036	25.802135	21.075926000000003	1.465745	1.5112729999999999	1.439457
chr17	57642723	57644208	ENSG00000108406	*	10.595472000000001	8.137697	5.970219999999999	6.38762	4.2394490000000005	20.792460000000002	16.951555	1.417101	1.379385	1.315792
chr17	62656628	62659145	ENSG00000108854	*	10.335135000000001	8.054428	4.656028	5.521631	3.580721	15.89981	14.773648999999999	1.324271	1.381777	1.2394969999999998
chr17	65360720	65363321	ENSG00000197170	*	9.693271000000001	7.553064999999999	6.224336	6.533548000000001	4.054928	19.060121	17.280867	1.328142	1.3499700000000001	1.293654
chr17	66031682	66033498	ENSG00000182481	*	10.452832	8.89518	7.027255	7.5446	4.493373	24.896142	21.202353	1.477305	1.500739	1.309025
chr17	73521850	73522868	ENSG00000073350	*	9.290563	7.352869999999999	4.106159	4.7643450000000005	3.150301	12.791932000000001	11.478553999999999	1.066418	1.08505	1.166664
chr17	73759900	73761729	ENSG00000108479	*	8.106183999999999	5.992275	3.917072	4.41028	2.796548	9.722462	9.356366	1.2545629999999999	1.308726	1.260502
chr17	73773780	73775969	ENSG00000132475	*	14.400419	10.592994000000001	6.109539	7.131966	4.365869	23.385202	21.004321	1.422293	1.384184	1.301444
chr17	76355464	76357085	ENSG00000184557	*	9.566027	7.224434	4.547758	4.8695369999999985	3.165101	10.608064	10.509193	1.198667	1.232121	1.172532
chr17	79816138	79818475	ENSG00000185624	*	10.571593	8.617485	5.289651999999999	5.752244999999999	3.765247	18.901227	16.292904999999998	1.401763	1.414367	1.360001
chr18	158326	160757	ENSG00000101557	*	7.739394	6.521283	4.612383	4.9930650000000005	3.472949	15.610926000000001	13.277864000000001	1.263283	1.342283	1.242801
chr18	9613195	9615653	ENSG00000154845	*	9.748714	7.4067419999999995	4.675180999999999	5.244515	3.347118	15.736417999999999	13.67934	1.346487	1.383858	1.369229
chr18	57024883	57027234	ENSG00000074695	*	7.340096000000001	5.611605	4.188246	4.37676	3.141268	12.725648	11.678684	1.318049	1.376718	1.254713
chr19	1103263	1105591	ENSG00000167468	*	12.295042	9.226516	4.581365	5.594476	3.845446	19.847281	17.465761999999998	1.318546	1.3624129999999999	1.266685
chr19	2014149	2015755	ENSG00000133243	*	8.185767	6.687553	3.78741	3.672021	2.807944	12.578963	10.78613	1.209645	1.3081120000000002	1.117697
chr19	2096835	2097551	ENSG00000099840	*	6.131488	5.1089970000000005	2.9031990000000003	3.116606	2.118156	5.954343	5.913336	1.1509280000000002	1.1597030000000002	1.0893059999999999
chr19	4790555	4793109	ENSG00000141965	*	10.146450999999999	8.209574	5.095626	5.730543	3.4270709999999998	16.606195	15.274882999999999	1.255084	1.319749	1.200372
chr19	6422700	6424913	ENSG00000088247	*	10.077055	7.798244	4.790558	5.170226	3.715095	18.989926	15.811507	1.368091	1.488083	1.354256
chr19	6458928	6461063	ENSG00000125648	*	11.277961	9.317552000000001	5.3916949999999995	6.315757	4.125222	17.386304	15.927867	1.181194	1.295328	1.214745
chr19	10449159	10450823	ENSG00000076662	*	4.402425	4.257124	2.966303	3.369304	2.179386	6.9372110000000005	6.7395119999999995	1.299294	1.298741	1.2345549999999998
chr19	10628536	10628793	ENSG00000180739	*	1.797781	1.199764	1.3456860000000002	1.324318	1.096774	1.339169	1.485218	1.048178	1.085747	1.18581
chr19	12847441	12849726	ENSG00000198356	*	7.586245	6.504407	5.1326220000000005	5.356521	3.6755970000000002	14.705182999999998	12.672896000000001	1.256083	1.279906	1.2635
chr19	13056160	13058729	ENSG00000179262	*	6.657997	6.0467889999999995	4.0703429999999985	4.423565	2.9338360000000003	15.738203	13.446653	1.293539	1.353376	1.251448
chr19	14681565	14683296	ENSG00000099795	*	11.376257	9.104524000000001	5.879017	6.375595	4.230907	20.097815	18.779761999999998	1.314214	1.418927	1.275782
chr19	15574188	15575831	ENSG00000105122	*	6.199286	5.250786	3.8945300000000005	4.002498	2.453746	7.692653999999999	6.24255	1.3496569999999999	1.42451	1.274606
chr19	17336335	17338250	ENSG00000099330	*	10.413687	8.234795	4.964663	6.0894010000000005	3.7881650000000002	16.337792	15.338629999999998	1.242504	1.27356	1.181755
chr19	17665807	17668028	ENSG00000130309	*	12.488154	9.116928999999999	5.505909	6.249518	4.148327	21.784737	19.388209	1.334593	1.3678549999999998	1.216272
chr19	18042816	18045400	ENSG00000007080	*	8.974236000000003	7.306572	5.0988489999999995	5.585129	3.5440169999999998	16.485960000000002	14.294744	1.224846	1.268184	1.246826
chr19	18652985	18654383	ENSG00000105701	*	8.923376000000003	5.685403	3.834717	3.915165	3.023533	13.986095	11.70068	1.246865	1.258254	1.196547
chr19	36138516	36140437	ENSG00000126267	*	8.39153	7.511608	5.691522	6.122386	3.853787	18.478057	16.01665	1.3258	1.368595	1.248505
chr19	39615770	39618044	ENSG00000130669	*	7.267635	6.143282	4.0897000000000014	4.4781629999999994	2.8272820000000003	12.112331	10.900755	1.238122	1.292017	1.21085
chr19	39825271	39827329	ENSG00000130755	*	8.279752	7.2032869999999996	5.247425	5.261712999999999	3.465299	16.969768000000002	14.267203	1.345691	1.324284	1.245239
chr19	42462388	42464232	ENSG00000105404	*	10.919611	8.731296	5.083473000000001	5.876074	3.8580980000000005	16.981322	15.098657000000001	1.310384	1.3766040000000002	1.260793
chr19	42496969	42497090	ENSG00000105409	*	1.537984	1.277406	1.0681450000000001	1.284007	1.112843	1.271547	1.317815	1.0	1.006273	1.081464
chr19	47633873	47635786	ENSG00000142230	*	11.130776	8.943757000000002	5.681055000000001	6.33093	4.108796	21.208273000000002	17.622349	1.390277	1.45181	1.265349
chr19	48893649	48895174	ENSG00000105438	*	14.164746	10.513308	6.202007	6.995061	4.7278660000000015	23.703939000000002	22.197328	1.407606	1.481409	1.331655
chr19	49587951	49590434	ENSG00000104852	*	10.719911	8.106849	5.472117	6.116823	3.928009	19.789020999999998	17.441505	1.400116	1.458548	1.317051
chr19	50878986	50880647	ENSG00000131408	*	7.560955	5.955833	4.112882	4.516374	2.950567	13.669039999999999	11.693143	1.223719	1.2436459999999998	1.188179
chr19	50886613	50888965	ENSG00000062822	*	7.755209	6.230624	4.5681569999999985	5.173093	3.293653	13.455637	12.672068	1.229247	1.23052	1.22238
chr19	53323675	53325379	ENSG00000198538	*	4.9590440000000005	4.277628	3.300047	3.5260260000000003	2.24527	7.983835000000001	7.6000119999999995	1.152364	1.201344	1.1837
chr19	53897920	53899685	ENSG00000196417	*	7.1705309999999995	6.064998	4.5307770000000005	4.611033	3.1034450000000002	14.143495000000001	12.759926	1.293231	1.293201	1.213117
chr19	54023658	54025436	ENSG00000130844	*	7.36455	6.190455	4.652089	4.665876	2.9374740000000004	10.680494	9.485139	1.1581270000000001	1.193873	1.136845
chr2	27008185	27010148	ENSG00000115163	*	10.418925	8.501853	5.4863800000000005	6.444102	4.081691	17.970469	15.557892	1.3579370000000002	1.419409	1.3473629999999999
chr2	33822787	33822891	ENSG00000119812	*	1.222049	1.24427	1.545658	1.1571	1.042661	1.256751	1.5232370000000002	1.125912	1.208833	1.220989
chr2	36824118	36825659	ENSG00000171055	*	6.992152000000001	5.267002	3.23504	4.030697	2.6345810000000003	10.929292	9.43649	1.285385	1.42709	1.262424
chr2	58467406	58469144	ENSG00000115392	*	7.233356	5.95961	5.2594970000000005	5.554816000000001	3.337225	13.059003	11.805209	1.312007	1.338711	1.22686
chr2	70527785	70529589	ENSG00000035141	*	12.184892999999999	9.757553	5.537383	6.551872	4.208632	19.433386	16.325761999999994	1.379423	1.4504569999999999	1.274333
chr2	74005581	74006005	ENSG00000144048	*	1.2250219999999998	1.087025	1.655286	1.232199	1.1140729999999999	1.205582	1.482325	1.164052	1.2161540000000002	1.154544
chr2	75873401	75875509	ENSG00000115364	*	8.459564	6.61355	4.782104	5.3156099999999995	3.4601300000000004	14.594782999999998	12.489244	1.302518	1.401374	1.278987
chr2	85842942	85845089	ENSG00000168883	*	9.523692	7.617344	5.643889	5.8452519999999994	3.812246	16.707355	14.003078	1.302209	1.377786	1.328584
chr2	98261583	98264090	ENSG00000135940	*	8.227091	7.382097	4.7796	5.2714099999999995	3.429363	14.375775	12.996625	1.370344	1.356148	1.300998
chr2	101618039	101620647	ENSG00000071082	*	9.098486999999999	7.675074	5.867433999999999	6.478553	3.8957050000000004	18.676935	16.167236000000006	1.219645	1.237184	1.244398
chr2	128613800	128616250	ENSG00000144231	*	8.747585	7.022305	5.13595	5.804067	3.7603769999999996	16.082867	14.166525	1.285432	1.339799	1.220968
chr2	136632424	136634667	ENSG00000076003	*	9.371151	7.733071000000001	4.8755880000000005	5.335473	3.304443	14.420207999999999	12.629928999999999	1.332142	1.381375	1.265087
chr2	150442586	150444819	ENSG00000168288	*	6.313209	5.459734	5.070514	5.186281	3.359846	14.154319000000001	12.57897	1.30118	1.449665	1.2902209999999998
chr2	166808601	166810903	ENSG00000123607	*	5.4944440000000005	4.767836	3.482143	3.982849	2.701047	9.756383	8.769802	1.295173	1.29423	1.210792
chr2	170654693	170656742	ENSG00000138385	*	7.738891000000001	6.761191999999999	5.275709	5.902464	3.9280699999999995	16.162323999999998	13.890448999999998	1.355688	1.32149	1.223235
chr2	176957335	176958552	ENSG00000128714	*	11.500703	8.638739000000001	5.176821	6.976088000000001	3.822951	16.519689	15.437106	1.042361	1.057985	1.150197
chr2	177133526	177135487	ENSG00000128654	*	9.692326	7.906938	5.588243	6.164075	3.857245	17.198983	14.706220000000002	1.341617	1.405677	1.2450510000000001
chr2	181844609	181846780	ENSG00000170035	*	9.208167999999999	6.807929	5.042695	6.215961	3.658833	16.538467	14.137374	1.044357	1.052027	1.122236
chr2	197789975	197792574	ENSG00000197121	*	9.577043	7.854189999999999	5.607749	6.306725	3.944375	16.034651999999998	14.451310999999999	1.375037	1.412588	1.330549
chr2	203101670	203103916	ENSG00000116030	*	10.454108999999999	8.047922	5.081649	6.23649	3.8540389999999998	17.609342	14.991967	1.377785	1.454693	1.320808
chr2	230931949	230934048	ENSG00000163053	*	10.277228	7.204067	4.846191	6.310003	3.5666089999999997	14.908106	13.247557	1.168651	1.209392	1.143656
chr2	234263179	234264649	ENSG00000077044	*	7.203328	5.5524379999999995	3.503456	4.750235	2.7935659999999998	10.22601	7.908485000000001	1.240683	1.3119319999999999	1.218467
chr2	239147671	239149220	ENSG00000144485	*	12.483471	9.204168	4.731241000000001	6.19902	3.930318	16.601307000000002	15.018694	1.160056	1.20306	1.139404
chr20	3183245	3185520	ENSG00000198171	*	12.844693	10.695752	6.067938	6.787704	4.4504839999999986	20.048077	18.463224	1.346676	1.41028	1.3616629999999998
chr20	3189080	3191485	ENSG00000125877	*	11.848711	9.828252	6.865564999999999	7.492995	4.847456	23.263279999999998	20.465167	1.429657	1.49251	1.405397
chr20	10199116	10200232	ENSG00000132639	*	4.495784	3.758797	2.902886	3.109798	2.1024130000000003	7.113542999999999	6.976375	1.059075	1.040546	1.169327
chr20	16710288	16712130	ENSG00000125870	*	7.931841	7.331217999999999	5.969403	5.927116000000001	3.809856	16.318085	15.25513	1.346125	1.361327	1.3527959999999999
chr20	17550185	17552737	ENSG00000125868	*	12.090648	9.47374	5.652824	6.213353	4.2620520000000015	19.922818	17.938183	1.372101	1.423977	1.255945
chr20	24971884	24974301	ENSG00000101474	*	9.697335	8.051085	5.112182	5.949978	3.7403720000000003	16.419912	14.836734	1.34804	1.361022	1.218364
chr20	30696993	30699318	ENSG00000101337	*	9.594274	8.587921000000001	5.962809	6.108489	3.9544699999999997	18.212107999999997	16.249069	1.330967	1.395001	1.264546
chr20	32399141	32401352	ENSG00000101421	*	10.270214999999999	8.38828	5.528332	6.258359	3.973996	19.777351	16.752429	1.348714	1.452932	1.282529
chr20	33678872	33681324	ENSG00000100991	*	9.422214	7.355860000000001	4.90404	5.60396	3.693368	17.705312	15.868617	1.312972	1.386096	1.304813
chr20	33871100	33873358	ENSG00000242372	*	12.832659	9.457011999999999	6.134695	7.326582000000001	4.547745	22.30325	19.617045	1.34869	1.353142	1.218451
chr20	34823699	34825731	ENSG00000131043	*	7.680185000000001	6.244541000000001	5.214688	6.0793349999999995	3.571165	15.488299	14.46039	1.302324	1.369957	1.2482010000000001
chr20	44044001	44046137	ENSG00000124155	*	9.617724	7.838528	5.478575	5.735073000000001	3.912432	17.333079	15.656156	1.368902	1.422936	1.278103
chr20	44440690	44442498	ENSG00000175063	*	8.505790000000001	5.926101999999999	4.729023000000001	4.961748	3.1372240000000002	12.448229	11.488151	1.385208	1.4630299999999998	1.373329
chr20	47802904	47805448	ENSG00000124214	*	10.101560000000001	8.470725	5.600663	6.15814	4.310347	19.237624	18.299785999999997	1.353522	1.398986	1.366905
chr21	26978685	26981136	ENSG00000154719	*	11.025249	8.897863000000003	6.139016000000001	6.964402000000001	4.3347489999999995	20.303104	18.103932	1.252162	1.311398	1.219044
chr21	33031176	33033538	ENSG00000142168	*	7.917927000000001	6.747881	4.825819999999999	5.336025	3.364706	15.477295999999999	14.153851999999999	1.304437	1.3142479999999999	1.2529860000000002
chr21	34696158	34698572	ENSG00000142166	*	13.197208999999999	11.138028	7.279000999999999	8.100864999999999	5.109046	26.124955	22.344327	1.399965	1.466847	1.3251819999999999
chr21	46236673	46239050	ENSG00000184900	*	10.075650999999999	7.255247	3.718472	4.840438	3.090578	12.151814	11.094795	1.237874	1.287995	1.186028
chr22	19702058	19703060	ENSG00000184702	*	8.568332	5.726905	4.0284499999999985	3.8900919999999997	2.923891	10.805864999999999	10.719366	1.059488	1.0694489999999999	1.1182530000000002
chr22	29975822	29977875	ENSG00000184117	*	8.457047	6.5653179999999995	4.3020049999999985	4.713132	3.3169809999999997	13.880385	11.9284	1.3189110000000002	1.371588	1.207874
chr22	30232897	30234905	ENSG00000100325	*	6.715877000000001	5.988654	4.373226	4.941137	3.0103619999999998	12.356566	11.563768	1.41701	1.4019979999999999	1.360181
chr22	30986133	30988163	ENSG00000100029	*	5.417064	4.859598	4.983176	5.0835550000000005	3.244797	15.060647	12.826328	1.294838	1.3403479999999999	1.283064
chr22	31476391	31478216	ENSG00000183963	*	7.232138000000001	5.869076000000001	3.5625940000000003	4.1228489999999995	2.740991	9.332057	8.909883	1.265866	1.266469	1.16945
chr22	39077184	39079516	ENSG00000100216	*	8.975515999999997	7.338547999999999	5.211285	5.988647	3.785593	17.689045999999998	15.761176	1.376835	1.416968	1.328469
chr22	42077476	42079239	ENSG00000100138	*	5.662856	5.105822	3.8807400000000003	4.056061	2.840649	11.095649	10.749832000000001	1.259267	1.270937	1.241256
chr22	50247525	50250143	ENSG00000100426	*	5.444826	4.53802	4.538635	4.2913700000000015	2.76494	11.004401	10.364889999999999	1.317357	1.36182	1.289075
chr22	50608867	50609425	ENSG00000073150	*	3.355682	2.5113060000000003	1.776802	2.283577	1.5240209999999998	3.628686	2.75638	1.02977	1.015709	1.107546
chr3	9931736	9933622	ENSG00000171135	*	9.339425	7.837746000000001	5.672761	6.309162000000001	3.7798550000000004	17.975773	16.152603	1.347605	1.395974	1.354748
chr3	13589874	13592253	ENSG00000163520	*	4.810459	3.550711	2.347542	2.6597530000000003	1.7483499999999998	5.160792	5.235021	1.045097	1.0232809999999999	1.077715
chr3	23846835	23849278	ENSG00000170142	*	10.748946	7.693472	4.7849710000000005	5.320291	3.5104629999999997	17.752551	15.079104999999998	1.342286	1.365679	1.284465
chr3	43145952	43148194	ENSG00000144647	*	8.965508	7.274995	4.843748000000001	5.068743	3.418471	14.129776999999999	12.398104	1.179861	1.236227	1.204975
chr3	48541194	48542134	ENSG00000164054	*	7.852578	5.183418	3.505987	4.384213	2.552365	7.763828	7.76092	1.072757	1.106798	1.04477
chr3	48934982	48937013	ENSG00000178537	*	8.210428	6.521803	4.801666	4.839691	3.326626	13.097998	12.061899	1.266772	1.27825	1.263688
chr3	49140847	49142796	ENSG00000172053	*	9.676343	8.128066	5.543989	6.2184669999999995	3.7407209999999997	17.227891	15.001529999999999	1.371909	1.37041	1.305048
chr3	49201728	49204272	ENSG00000177352	*	8.450863	6.563388000000001	4.9062920000000005	5.034283	3.555818	15.031922	13.514041	1.296915	1.320698	1.271104
chr3	49394523	49396860	ENSG00000067560	*	10.607194	8.656151000000001	5.238975	5.909365	3.631464	16.213601999999998	13.897722	1.129229	1.141559	1.1321510000000001
chr3	57260997	57263305	ENSG00000157500	*	11.039154	8.772298	5.730615	7.131811999999999	4.203886	20.514485	18.320098	1.433193	1.4305219999999998	1.3499860000000001
chr3	57741031	57743326	ENSG00000163681	*	12.914752	10.079423	6.172592	7.590203999999999	4.624949	21.761845	19.268304999999998	1.409985	1.5061719999999998	1.3160290000000001
chr3	99535572	99537904	ENSG00000184220	*	6.885236999999999	6.72784	5.357778	6.157826999999999	3.5411410000000005	15.537244	14.979003	1.298471	1.3246950000000002	1.2722719999999998
chr3	120314495	120316891	ENSG00000065518	*	6.076329	5.223379	4.391192	4.4581490000000015	2.794349	11.938568	10.261563	1.26719	1.32244	1.248074
chr3	125801717	125803794	ENSG00000114544	*	10.196272	7.361329	4.853732	5.413493	3.564258	15.493053	14.771975	1.262222	1.298541	1.285733
chr3	130568809	130571222	ENSG00000017260	*	1.4613200000000002	1.376266	1.7606099999999998	1.531172	1.204813	1.519349	1.762572	1.307876	1.371879	1.269842
chr3	132440394	132441430	ENSG00000113971	*	13.957308	10.151383000000001	5.691741	6.6964	4.2316910000000005	20.627216	19.420220999999998	1.424684	1.507436	1.182304
chr3	182696894	182699488	ENSG00000043093	*	11.255672	8.774913999999999	5.214497	5.837825	4.05901	20.552572	17.462937	1.332276	1.373569	1.298798
chr3	182815985	182818363	ENSG00000078070	*	8.669457000000001	6.95605	4.863308	5.469652	3.5085010000000003	16.044558000000002	13.987708	1.3174569999999999	1.363936	1.2760040000000001
chr3	196466298	196468814	ENSG00000180370	*	10.939911	8.392886	6.416423	7.085617999999999	4.4302410000000005	22.496248	20.133315	1.375609	1.400682	1.315734
chr4	6987870	6990468	ENSG00000132405	*	6.771666000000001	5.8240169999999996	4.3989410000000015	4.500997	2.969922	11.586085	10.809872	1.3065	1.350845	1.248012
chr4	39458303	39458709	ENSG00000163682	*	1.1009149999999999	1.221499	1.37094	1.0864989999999999	1.0526389999999999	1.1792479999999999	1.0940290000000001	1.234515	1.300038	1.327445
chr4	48907447	48909326	ENSG00000145247	*	7.640153	5.623685	3.372661	4.022754	2.85676	11.632097	9.976741	1.281616	1.2959889999999998	1.279827
chr4	74903324	74905453	ENSG00000163734	*	5.639031	4.706391	3.325363	3.8321339999999995	2.517219	9.233738	8.908875	1.296253	1.357357	1.2791620000000001
chr4	78782604	78785211	ENSG00000169288	*	4.292816	4.1714470000000015	4.43158	4.598598	2.714452	11.162961	9.791056	1.278562	1.306355	1.277384
chr4	84255666	84256204	ENSG00000173083	*	6.598215	4.762835	3.367149	3.572825	2.082589	5.240778	5.290475	1.2259870000000002	1.141633	1.155877
chr4	99916809	99918533	ENSG00000164024	*	9.49	7.229430000000001	4.327592	5.156161	3.4808220000000003	16.328386000000002	14.974814000000002	1.383211	1.380264	1.3497780000000001
chr4	103680800	103682916	ENSG00000109323	*	7.992408999999999	7.151852000000001	5.144756	5.607111	3.4836169999999997	15.135845999999999	13.311312	1.290123	1.345782	1.3213540000000001
chr4	108910230	108912819	ENSG00000138796	*	7.483880999999999	6.460849	4.8684650000000005	5.107585	3.3704730000000005	14.961023999999998	14.03462	1.3681729999999999	1.441713	1.365618
chr4	155470011	155472177	ENSG00000171566	*	4.736409	4.545191	3.89301	4.354652	2.744181	11.819556	9.79386	1.262715	1.405525	1.253902
chr4	159643225	159645158	ENSG00000171497	*	8.007615999999999	6.807645	5.352386	6.246082	3.712474	17.623182	15.861667	1.471999	1.492725	1.349399
chr4	176986367	176987894	ENSG00000150627	*	5.339409	4.4096449999999985	3.856232	4.133322	2.770689	10.122523	8.679227000000001	1.0597530000000002	1.055385	1.191448
chr5	41869035	41871270	ENSG00000083720	*	13.229869	10.270805000000001	6.549992	6.989469000000001	4.4594299999999985	20.938963	19.098581	1.344686	1.3487129999999998	1.34837
chr5	53812800	53814533	ENSG00000178996	*	13.608217000000002	9.684763	5.323797	6.44899	4.0544030000000015	18.678983	17.231189	1.239833	1.274992	1.271102
chr5	54397214	54399594	ENSG00000145649	*	1.44937	1.473957	1.7116479999999998	1.557244	1.166752	1.409298	1.628196	1.191359	1.22325	1.221158
chr5	59994721	59996930	ENSG00000035499	*	11.265466	9.236943	6.291666	7.4191199999999995	4.4532240000000005	21.138652	18.956421	1.30223	1.321127	1.284519
chr5	68462196	68464492	ENSG00000134057	*	9.475433	7.811263	5.876913	6.654896000000001	3.910878	18.153433	16.346220000000002	1.379214	1.384943	1.260569
chr5	72251178	72252718	ENSG00000157107	*	13.328894	10.058263	5.220912	6.648317	4.455547	19.462847	18.811994	1.041716	1.043184	1.122973
chr5	112256578	112258701	ENSG00000129625	*	14.973529999999998	11.175201	5.729287	7.442566	4.8593660000000005	23.155618	20.374468	1.177141	1.21541	1.153339
chr5	130498944	130501568	ENSG00000169567	*	10.534775	9.000392999999999	6.38622	6.923576	4.325768	20.75408	18.992241	1.188042	1.224083	1.1689450000000001
chr5	132111768	132113653	ENSG00000164402	*	13.697493	9.773575	5.836272	6.43569	4.261131	19.096272	18.437518	1.1464	1.194195	1.087081
chr5	134073390	134075501	ENSG00000164615	*	7.864427	6.664099	5.031727	5.401326999999999	3.2182060000000003	13.643426999999999	12.636959	1.164483	1.238383	1.137251
chr5	137547617	137549723	ENSG00000094880	*	6.44029	5.7435529999999995	5.119683	5.32316	3.4679339999999996	15.626320999999999	13.406960999999999	1.323998	1.359969	1.251945
chr5	140079582	140081528	ENSG00000146007	*	6.312799	5.615088	5.559679	5.4534720000000005	3.478868	16.266820000000003	14.083295999999999	1.276209	1.341891	1.247701
chr5	149827286	149829917	ENSG00000164587	*	10.022644999999999	8.390551	7.681985000000001	7.661845	4.61106	22.56654	20.653842	1.414241	1.506918	1.377038
chr5	159435656	159437266	ENSG00000113312	*	6.492607	5.906764	6.502024	6.667071000000001	3.9707550000000005	19.330152	16.659039	1.144167	1.177573	1.145669
chr5	176942284	176944733	ENSG00000183258	*	13.713547	11.294651	7.068053	7.772825	5.091626	24.271657	20.669801	1.1818309999999999	1.21807	1.179308
chr5	177557300	177559100	ENSG00000145916	*	11.535772	8.019121	5.07335	6.525673	3.7695	17.830893	15.177167	1.167467	1.170038	1.180174
chr6	4134248	4135844	ENSG00000198721	*	7.731789999999999	6.294964	4.887835	5.388609	3.5360709999999997	17.019462	14.659201000000001	1.364869	1.42374	1.312965
chr6	10722549	10724276	ENSG00000111843	*	6.61635	5.302909	3.8102410000000004	4.594575	2.709895	10.761018	10.167547	1.280493	1.321331	1.222006
chr6	11232104	11233853	ENSG00000111859	*	3.853382	3.706051	3.715731	3.654087	2.1669259999999997	6.801075	6.439867	1.252039	1.279728	1.173689
chr6	30638972	30641220	ENSG00000204560	*	10.241311999999999	8.590533	6.061309	6.0750459999999995	4.1117849999999985	18.393182	16.243658	1.262721	1.364298	1.244141
chr6	31323900	31325690	ENSG00000234745	*	7.695150999999999	5.707443	3.737211	4.496269	2.924432	11.640898	10.219183000000001	1.275148	1.310241	1.203435
chr6	31582721	31585321	ENSG00000204472	*	2.563884	2.351769	2.136151	2.28612	1.5711959999999998	3.452349	3.365786	1.198941	1.225502	1.2270379999999999
chr6	31625081	31625385	ENSG00000204444	*	1.19434	1.1094620000000002	1.293039	1.038573	1.033866	1.1262459999999999	1.191591	1.059015	1.112198	1.146835
chr6	31773459	31775274	ENSG00000204392	*	10.085423	7.91949	6.328111	7.322047	4.4238550000000005	19.627073	17.938596	1.345452	1.321293	1.41739
chr6	33755196	33757502	ENSG00000161904	*	13.725023	10.436241	6.189424	7.193525999999999	4.502935	22.034095999999998	19.415554999999998	1.392947	1.472424	1.369337
chr6	35309808	35311343	ENSG00000112033	*	12.220651	9.577589	5.968368	6.209537999999999	4.208805	18.088241	15.045364999999999	1.2715610000000002	1.282979	1.228314
chr6	37466520	37468058	ENSG00000198937	*	6.174772	5.663988	4.755878	5.022678	3.0585169999999997	10.532399	10.211921	1.297132	1.353718	1.308762
chr6	38669494	38669724	ENSG00000124767	*	1.281532	1.253663	1.331788	1.222808	1.125522	1.373869	1.567339	1.1242969999999999	1.164159	1.049741
chr6	42184211	42186029	ENSG00000048544	*	5.886598	5.48564	5.866613	6.245327	3.679933	14.954996	13.501528	1.283533	1.364198	1.325456
chr6	43394794	43396939	ENSG00000124574	*	9.446522	8.322548000000001	5.359764	6.402545	4.0498150000000015	16.29166	15.259422	1.278524	1.378241	1.278794
chr6	44354586	44357126	ENSG00000096401	*	7.6177589999999995	6.823134	5.507212	6.008916999999999	3.7883720000000003	14.955237	13.495747	1.360498	1.431427	1.332335
chr6	45388510	45391033	ENSG00000124813	*	8.315645	5.928389	4.124113	4.1558639999999984	2.485066	7.078541	6.304862	1.3212899999999999	1.4059469999999998	1.232632
chr6	75952290	75954125	ENSG00000112695	*	6.981514999999999	6.500166	6.2793779999999995	7.164119	4.103447	18.12399	16.586862	1.288404	1.238583	1.30435
chr6	89854945	89857333	ENSG00000146281	*	10.522329	8.526074999999999	5.180909	6.785015	3.70214	16.227097999999998	16.405435	1.36172	1.3826319999999999	1.346175
chr6	97284042	97286094	ENSG00000112218	*	12.300786	9.855242	6.477067	8.064767999999999	4.668335	20.774946	18.670461	1.176755	1.154311	1.166261
chr6	100015125	100017071	ENSG00000112237	*	9.986951	8.664835	6.786708999999999	7.735013	4.3600720000000015	20.508078	18.558779	1.058263	1.084516	1.129257
chr6	106772211	106774130	ENSG00000057663	*	10.623124	8.476472000000001	6.526278	6.8971729999999996	4.469958	19.974897	17.700731	1.3441610000000002	1.286834	1.323843
chr6	127587088	127589649	ENSG00000118518	*	11.740563	9.454222999999999	6.528664	7.139271000000001	4.515491	20.837528	18.198006	1.388772	1.450558	1.293275
chr6	132833067	132834788	ENSG00000079950	*	10.585628	9.110788000000001	6.439883999999999	6.6338550000000005	4.1917480000000005	18.336829	15.658945999999998	1.050107	1.061776	1.236609
chr6	137142970	137144593	ENSG00000112357	*	9.891975	7.962697	5.527689	6.776491	3.8441099999999997	16.398319	15.636523	1.2771370000000002	1.323833	1.222858
chr6	161411945	161414338	ENSG00000085511	*	14.490817999999999	11.079359	6.676953999999999	7.797072	5.188859	25.223101	22.486786	1.358059	1.44213	1.291241
chr7	855000	856080	ENSG00000164828	*	6.033629	4.707217	3.067364	3.086118	2.187879	5.76213	5.899436	1.090036	1.1548479999999999	1.195306
chr7	2593683	2596107	ENSG00000106009	*	12.26699	9.353415	5.00016	6.08306	3.929272	17.48435	14.978256	1.3221100000000001	1.384081	1.287727
chr7	28218867	28220846	ENSG00000153814	*	8.163734999999999	5.648393	3.5156669999999997	4.289814	2.7325280000000003	10.450724000000001	8.466652999999999	1.283896	1.287503	1.250306
chr7	35733519	35736084	ENSG00000122557	*	12.83915	10.275128	6.479385	7.261771	4.857441000000001	23.50781	20.731478	1.455676	1.393887	1.309504
chr7	44620496	44622848	ENSG00000158604	*	11.848754	10.180933	6.31979	7.314728999999999	4.220454	20.003367	19.243104000000002	1.379749	1.389498	1.318207
chr7	44788529	44790114	ENSG00000122515	*	10.867552	8.621405000000001	5.060376	5.7344349999999995	3.81315	17.18683	14.032070999999998	1.291307	1.35772	1.28691
chr7	73152183	73154090	ENSG00000106077	*	13.113979999999998	10.441917	5.749618	6.473656	4.00718	16.292164	15.239179	1.281824	1.270457	1.234019
chr7	73498199	73499711	ENSG00000106683	*	9.582164	7.108471000000001	4.183059	5.341721	3.1072740000000003	13.731160999999998	12.52107	1.25746	1.332157	1.220809
chr7	92776463	92777803	ENSG00000177409	*	1.6964439999999998	1.7801	2.904285	2.4278869999999997	1.544836	3.1495450000000003	3.6926930000000002	1.2002709999999999	1.232393	1.292564
chr7	94138320	94140785	ENSG00000127995	*	11.078807000000001	8.034568	4.6742870000000005	6.184565	3.79238	17.159893	16.009790000000002	1.364169	1.4283219999999999	1.283128
chr7	100135868	100137842	ENSG00000106351	*	8.742573	7.17126	4.4615480000000005	4.89461	3.379318	12.892033	11.371694999999999	1.2316850000000001	1.226026	1.2085860000000002
chr7	102118247	102118313	ENSG00000005075	*	1.9046900000000002	1.6263940000000001	1.547496	1.296879	1.1746860000000001	1.353834	1.9390470000000002	1.057705	1.104619	1.038692
chr7	102987377	102989548	ENSG00000161057	*	6.061102	5.4600230000000005	4.9734370000000006	5.467887999999999	3.415661	14.628129999999999	13.956798999999998	1.317986	1.3045069999999999	1.279924
chr7	124568853	124570409	ENSG00000128513	*	3.1565540000000003	2.826832	3.216143	2.949093	2.147742	7.300091	6.395133	1.262543	1.263911	1.274566
chr7	128502155	128504315	ENSG00000128524	*	8.825420000000003	8.096371999999999	5.469121	6.381022	3.8856910000000005	17.925382	15.621818	1.316551	1.367226	1.2715610000000002
chr7	135660347	135662714	ENSG00000105887	*	8.455013000000001	6.871344000000001	5.691865	5.700737999999999	3.710947	16.195617000000002	14.669770999999999	1.2491290000000002	1.353772	1.2605
chr7	138664436	138667016	ENSG00000122778	*	6.935956	5.563962999999999	4.0821939999999985	5.075551	2.913959	12.026705	10.582377000000001	1.25512	1.309143	1.1943540000000001
chr7	143104527	143106669	ENSG00000146904	*	6.455948	5.016697	4.318708999999999	4.210823	2.777668	8.430232	8.027966000000001	1.24974	1.359921	1.246494
chr7	149156305	149158661	ENSG00000196453	*	12.30396	8.938471	5.134176999999999	6.603981	3.9750339999999995	18.519468	16.473520999999998	1.2324899999999999	1.369486	1.1906780000000001
chr7	150922968	150925514	ENSG00000033050	*	11.14729	8.740714	6.037119000000001	6.7075119999999995	4.135224	18.853703	16.845050999999998	1.337077	1.4633969999999998	1.363648
chr7	157129161	157131728	ENSG00000105993	*	9.697602	8.021514	5.139787999999999	5.982609	3.873251	18.470479	15.641359	1.4837129999999998	1.494737	1.331844
chr8	17012814	17015225	ENSG00000104219	*	14.879157000000001	11.117728999999999	5.891201000000001	7.5547580000000005	4.700597	23.777592000000002	21.310284	1.406015	1.415248	1.269493
chr8	17433738	17435440	ENSG00000104213	*	9.633476	7.775892	5.4193169999999995	5.828805	3.4381	13.829932999999999	12.648729	1.230623	1.2013790000000002	1.184066
chr8	18870768	18871128	ENSG00000156011	*	5.472491000000001	4.289007	3.747154	3.534825	2.297266	11.121172999999999	8.464531000000001	1.0262	1.0691030000000001	1.0910799999999998
chr8	22525132	22527278	ENSG00000147439	*	9.647391	8.243781	6.159861	6.542058	4.0462169999999995	20.025756	16.229747	1.333766	1.404136	1.29568
chr8	27693309	27695802	ENSG00000168078	*	6.941225	6.236791	5.686998	5.806078	3.600289	14.753229999999999	14.063796	1.2514049999999999	1.285919	1.183293
chr8	29938615	29940663	ENSG00000133872	*	12.594180999999999	9.909274	6.509911	7.318492	4.7378279999999995	24.605193	20.526639000000003	1.454517	1.433685	1.300577
chr8	30583497	30585914	ENSG00000104687	*	8.613816	7.161334	4.7842470000000015	5.1237129999999995	3.5074330000000002	15.962423999999999	14.030238	1.29643	1.327186	1.235966
chr8	37619347	37621577	ENSG00000147471	*	11.824496	9.723294000000001	6.765361	7.289828	4.608993	22.897044	19.622438	1.361927	1.4607	1.341684
chr8	57124218	57125731	ENSG00000170791	*	12.999025999999999	10.170950999999999	6.550698000000001	7.2122779999999995	4.7811819999999985	23.816543	21.588386	1.435486	1.4087120000000002	1.311399
chr8	91996835	91998169	ENSG00000253250	*	6.083891	4.553935	3.487503	3.8943800000000004	2.3882950000000003	10.392398	9.350556	1.178636	1.208787	1.178793
chr8	96036531	96038805	ENSG00000156170	*	9.659638000000001	7.764366000000001	5.715172	5.901204	3.782143	17.817287	16.23869	1.28052	1.324373	1.267493
chr8	117766617	117768827	ENSG00000147677	*	6.787903	6.21279	6.014023	6.520637000000001	3.9975660000000004	19.525323999999998	17.367109	1.368994	1.360225	1.291138
chr8	125739119	125739493	ENSG00000170873	*	2.672815	1.589116	1.542308	1.4545059999999999	1.240977	1.971956	2.2643180000000003	1.045326	1.050542	1.1193520000000001
chr8	145059556	145061269	ENSG00000178685	*	7.086281	5.636343	3.435483	3.639475	2.555836	6.8660820000000005	7.093686	1.233049	1.322113	1.222538
chr8	145668411	145670789	ENSG00000160949	*	11.344422999999999	9.390404	4.761495	5.583553	3.7902489999999998	16.074851000000002	15.694854000000001	1.298061	1.415543	1.251541
chr9	6014417	6016355	ENSG00000137040	*	5.509955000000001	5.564561	5.209764	5.649159	3.423402	14.13309	13.213538	1.361769	1.382949	1.336506
chr9	33445649	33448224	ENSG00000165272	*	4.572095	3.7383940000000004	2.788708	3.0126180000000002	2.05802	5.195182	5.068822	1.157502	1.155271	1.186461
chr9	34988032	34990664	ENSG00000137094	*	6.092944	5.282369999999999	3.145777	3.696591	2.64765	8.684477000000001	7.85042	1.235819	1.263386	1.164978
chr9	35161256	35163045	ENSG00000198722	*	8.921858	7.187778999999999	4.724614	5.320873000000001	3.4359550000000003	13.901345000000001	12.967641	1.299208	1.3248540000000002	1.313431
chr9	35648898	35651350	ENSG00000137078	*	6.661721000000001	5.0193010000000005	3.9459809999999997	4.109788	2.702214	8.366392999999999	8.049987	1.440615	1.383999	1.384379
chr9	80911148	80913699	ENSG00000135069	*	9.154999	7.61521	4.629799	5.3807279999999995	3.3795059999999997	16.000168000000002	13.877166	1.053765	1.071057	1.186393
chr9	127176288	127178288	ENSG00000136930	*	5.967472	5.796296	4.287612	4.7941519999999995	3.107974	13.865081	11.671172	1.320985	1.3254860000000002	1.222167
chr9	130185308	130187867	ENSG00000196152	*	8.433610999999999	7.505203	5.289482	6.093166	3.95744	16.463361	14.920179000000001	1.396118	1.502474	1.366451
chr9	130921584	130923814	ENSG00000171159	*	7.465819000000001	6.176926	3.8217269999999997	4.446137	2.94701	11.993151	10.543525	1.286469	1.311767	1.251104
chr9	132402635	132405186	ENSG00000148331	*	11.553411	8.98732	5.1972830000000005	5.69281	4.031052	16.657754	15.370445000000002	1.146671	1.1795950000000002	1.126431
chr9	132565113	132566640	ENSG00000136816	*	11.73523	8.752079	5.0552	6.027339	4.067612	18.003079999999997	15.326107	1.178717	1.137292	1.186966
chr9	133319745	133321100	ENSG00000130707	*	8.778389	7.08396	3.8639419999999998	4.716908	2.9344639999999997	12.151124000000001	12.02675	1.013755	1.036231	1.055031
chr9	139759482	139761986	ENSG00000107223	*	8.031411	6.501697	3.671795	4.0303510000000005	3.020265	12.451965	10.654555	1.282215	1.333448	1.234723
chr9	139837319	139839065	ENSG00000159069	*	12.833412	9.161615	5.693759	5.678958000000001	4.1505740000000015	18.970164	17.726929000000002	1.398692	1.432016	1.287921
chr9	139886846	139888663	ENSG00000148362	*	9.913017	7.878596000000001	4.2711679999999985	4.9066220000000005	3.433101	14.790953	13.089178	1.299387	1.328135	1.248281
chrX	12808805	12810973	ENSG00000101911	*	7.025849000000001	5.385308	3.1953099999999997	4.0301029999999995	2.688953	11.613048	10.832245	1.193057	1.206952	1.161794
chrX	44401130	44402811	ENSG00000069509	*	4.08747	3.7640300000000004	3.039615	3.4017230000000005	2.1745970000000003	7.403082	6.990075999999999	1.148876	1.179905	1.156773
chrX	47517250	47519141	ENSG00000126756	*	3.5650239999999997	3.015947	2.595519	2.720793	1.860544	6.209221	5.895141000000001	1.14531	1.1727450000000001	1.117378
chrX	48455589	48457179	ENSG00000101940	*	7.820591	6.032094	3.9043309999999996	4.0914150000000005	2.674002	10.765272999999999	9.291152	1.1500780000000002	1.139413	1.173744
chrX	48541803	48543533	ENSG00000015285	*	3.369987	3.158332	2.699566	2.741382	1.873462	5.356628	5.027879	1.159207	1.17379	1.0733030000000001
chrX	48978824	48980741	ENSG00000068394	*	5.320848000000001	4.625527	4.073625	3.882875	2.684568	9.910763000000001	8.768614999999999	1.1485040000000002	1.19089	1.103664
chrX	55743609	55745431	ENSG00000083750	*	3.757174	3.306393	2.963677	2.977815	1.9358419999999998	7.6086350000000005	6.770471000000001	1.1321780000000001	1.140892	1.0814030000000001
chrX	74374884	74376814	ENSG00000131269	*	3.920961	3.339613	3.25945	3.755779	2.2598439999999997	8.461397	7.914633	1.133985	1.180533	1.1375
chrX	77149603	77151671	ENSG00000102158	*	3.6183089999999996	3.5879839999999996	3.7390800000000004	3.920383	2.6603760000000003	11.458933	10.160088	1.176194	1.175424	1.173766
chrX	102469613	102471101	ENSG00000102409	*	7.398633	5.507919	3.3501769999999995	3.8151980000000005	2.785077	12.214761	10.667555	1.202962	1.205198	1.139043
chrX	118601722	118603886	ENSG00000005022	*	7.651476	6.297733	3.5762160000000005	4.3056540000000005	2.875652	12.228877	10.46675	1.255619	1.217722	1.16771
chrX	119004034	119006417	ENSG00000125356	*	6.6871	6.153418	4.1927889999999985	4.7395890000000005	3.16403	13.992401000000001	12.026779	1.283242	1.289562	1.201484
chrX	129039310	129041645	ENSG00000156697	*	3.814221	3.73864	3.164631	3.442165	2.255075	8.542459000000001	7.823942	1.15096	1.189959	1.15814
chrX	133593673	133595702	ENSG00000165704	*	6.3419620000000005	4.859714	3.668101	3.7182440000000003	2.612892	10.194728	9.23224	1.2337280000000002	1.228298	1.148033
